% start	end	CellId	IMSI	RNTI	LCID	nTxPDUs	TxBytes	nRxPDUs	RxBytes	DLdelay	DLdelayMin	DLdelayMax	DLdelayStdDev	PDUSize	PDUSizeMin	PDUSizeMax	PDUSizeStdDev
0.0000	0.1000	1	1	1	3	558	815145	538	786294	1.895173e-03	9.475865e-04	5.685519e-03	5.685519e-04	1447.17	723.59	2170.76	289.43
0.0000	0.1000	2	2	2	3	1195	1746054	1172	1711791	9.355682e-04	4.677841e-04	2.806705e-03	2.806705e-04	1333.00	666.50	1999.49	266.60
0.0000	0.1000	3	3	3	3	669	977381	658	961949	2.256747e-03	1.128374e-03	6.770242e-03	6.770242e-04	1349.64	674.82	2024.45	269.93
0.0000	0.1000	1	4	4	3	871	1273111	841	1229297	2.648333e-03	1.324167e-03	7.945000e-03	7.945000e-04	1473.64	736.82	2210.46	294.73
0.0000	0.1000	2	5	1	3	357	522122	341	498326	1.060316e-03	5.301580e-04	3.180948e-03	3.180948e-04	1327.21	663.60	1990.81	265.44
0.0000	0.1000	3	6	2	3	235	344326	227	331946	2.759211e-03	1.379605e-03	8.277632e-03	8.277632e-04	1355.15	677.57	2032.72	271.03
0.0000	0.1000	1	7	3	3	227	332729	216	316184	4.095761e-03	2.047880e-03	1.228728e-02	1.228728e-03	1520.40	760.20	2280.60	304.08
0.0000	0.1000	2	8	4	3	1087	1587984	1080	1577114	3.154161e-03	1.577080e-03	9.462482e-03	9.462482e-04	1410.62	705.31	2115.93	282.12
0.0000	0.1000	3	9	1	3	612	893656	608	888616	2.413853e-03	1.206927e-03	7.241559e-03	7.241559e-04	1348.92	674.46	2023.38	269.78
0.0000	0.1000	1	10	2	3	957	1398109	934	1364745	2.194951e-03	1.097475e-03	6.584853e-03	6.584853e-04	1321.42	660.71	1982.13	264.28
0.1000	0.2000	1	1	1	3	590	862567	588	858580	1.321532e-03	6.607660e-04	3.964596e-03	3.964596e-04	1433.83	716.92	2150.75	286.77
0.1000	0.2000	2	2	2	3	1179	1722352	1175	1716297	4.059790e-03	2.029895e-03	1.217937e-02	1.217937e-03	1498.95	749.48	2248.43	299.79
0.1000	0.2000	3	3	3	3	730	1066921	723	1056648	4.490847e-03	2.245424e-03	1.347254e-02	1.347254e-03	1406.86	703.43	2110.29	281.37
0.1000	0.2000	1	4	4	3	849	1240925	807	1179310	2.602662e-03	1.301331e-03	7.807985e-03	7.807985e-04	1435.88	717.94	2153.83	287.18
0.1000	0.2000	2	5	1	3	342	499469	333	487451	3.544793e-03	1.772396e-03	1.063438e-02	1.063438e-03	1420.18	710.09	2130.27	284.04
0.1000	0.2000	3	6	2	3	229	335745	221	323739	2.807460e-04	1.403730e-04	8.422381e-04	8.422381e-05	1491.99	746.00	2237.99	298.40
0.1000	0.2000	1	7	3	3	233	341073	223	326490	2.498319e-03	1.249159e-03	7.494956e-03	7.494956e-04	1601.81	800.90	2402.71	320.36
0.1000	0.2000	2	8	4	3	1180	1723094	1142	1668625	3.198299e-03	1.599149e-03	9.594896e-03	9.594896e-04	1498.99	749.50	2248.49	299.80
0.1000	0.2000	3	9	1	3	589	860079	560	818828	2.995375e-03	1.497688e-03	8.986126e-03	8.986126e-04	1511.85	755.92	2267.77	302.37
0.1000	0.2000	1	10	2	3	908	1326223	894	1305728	1.995003e-03	9.975016e-04	5.985010e-03	5.985010e-04	1587.53	793.76	2381.29	317.51
0.2000	0.3000	1	1	1	3	612	893553	606	885386	2.820484e-03	1.410242e-03	8.461452e-03	8.461452e-04	1468.66	734.33	2202.99	293.73
0.2000	0.3000	2	2	2	3	1245	1818234	1204	1758144	1.811127e-03	9.055635e-04	5.433381e-03	5.433381e-04	1525.98	762.99	2288.97	305.20
0.2000	0.3000	3	3	3	3	737	1077126	706	1031974	4.502916e-03	2.251458e-03	1.350875e-02	1.350875e-03	1491.08	745.54	2236.62	298.22
0.2000	0.3000	1	4	4	3	915	1336895	899	1313630	1.198920e-03	5.994598e-04	3.596759e-03	3.596759e-04	1521.96	760.98	2282.93	304.39
0.2000	0.3000	2	5	1	3	361	527784	355	518748	2.884712e-03	1.442356e-03	8.654136e-03	8.654136e-04	1341.35	670.68	2012.03	268.27
0.2000	0.3000	3	6	2	3	266	388504	264	386406	3.192579e-03	1.596290e-03	9.577738e-03	9.577738e-04	1546.08	773.04	2319.13	309.22
0.2000	0.3000	1	7	3	3	243	355159	234	342386	2.191482e-04	1.095741e-04	6.574447e-04	6.574447e-05	1502.48	751.24	2253.72	300.50
0.2000	0.3000	2	8	4	3	1122	1639016	1067	1558331	4.648761e-03	2.324380e-03	1.394628e-02	1.394628e-03	1439.03	719.51	2158.54	287.81
0.2000	0.3000	3	9	1	3	623	910061	618	903287	1.652918e-03	8.264589e-04	4.958753e-03	4.958753e-04	1363.49	681.75	2045.24	272.70
0.2000	0.3000	1	10	2	3	916	1338720	899	1312950	4.951264e-03	2.475632e-03	1.485379e-02	1.485379e-03	1354.90	677.45	2032.36	270.98
0.3000	0.4000	1	1	1	3	619	905124	600	876137	1.538600e-03	7.693000e-04	4.615800e-03	4.615800e-04	1550.33	775.17	2325.50	310.07
0.3000	0.4000	2	2	2	3	1261	1841133	1248	1822564	3.284823e-03	1.642412e-03	9.854470e-03	9.854470e-04	1518.97	759.49	2278.46	303.79
0.3000	0.4000	3	3	3	3	768	1121537	751	1097888	2.761171e-04	1.380586e-04	8.283514e-04	8.283514e-05	1449.95	724.98	2174.93	289.99
0.3000	0.4000	1	4	4	3	817	1193965	782	1141852	2.658992e-03	1.329496e-03	7.976976e-03	7.976976e-04	1538.84	769.42	2308.26	307.77
0.3000	0.4000	2	5	1	3	345	504677	337	493085	3.223407e-03	1.611703e-03	9.670220e-03	9.670220e-04	1526.02	763.01	2289.03	305.20
0.3000	0.4000	3	6	2	3	270	394545	262	383477	4.844363e-04	2.422181e-04	1.453309e-03	1.453309e-04	1321.40	660.70	1982.10	264.28
0.3000	0.4000	1	7	3	3	221	323717	212	310063	1.326190e-03	6.630951e-04	3.978571e-03	3.978571e-04	1474.37	737.19	2211.56	294.87
0.3000	0.4000	2	8	4	3	1255	1833413	1219	1780207	1.313882e-03	6.569409e-04	3.941646e-03	3.941646e-04	1417.94	708.97	2126.92	283.59
0.3000	0.4000	3	9	1	3	696	1016317	677	989596	5.793874e-04	2.896937e-04	1.738162e-03	1.738162e-04	1457.55	728.78	2186.33	291.51
0.3000	0.4000	1	10	2	3	1037	1514937	1018	1487296	3.219896e-04	1.609948e-04	9.659689e-04	9.659689e-05	1423.39	711.69	2135.08	284.68
0.4000	0.5000	1	1	1	3	559	816490	533	778546	3.247854e-03	1.623927e-03	9.743563e-03	9.743563e-04	1321.74	660.87	1982.61	264.35
0.4000	0.5000	2	2	2	3	1326	1937248	1290	1884773	2.773522e-03	1.386761e-03	8.320567e-03	8.320567e-04	1588.91	794.45	2383.36	317.78
0.4000	0.5000	3	3	3	3	844	1232766	805	1175515	1.662981e-03	8.314903e-04	4.988942e-03	4.988942e-04	1560.70	780.35	2341.06	312.14
0.4000	0.5000	1	4	4	3	852	1244648	836	1221556	4.399613e-03	2.199806e-03	1.319884e-02	1.319884e-03	1528.64	764.32	2292.96	305.73
0.4000	0.5000	2	5	1	3	357	522344	357	522096	2.121827e-03	1.060913e-03	6.365480e-03	6.365480e-04	1422.63	711.31	2133.94	284.53
0.4000	0.5000	3	6	2	3	288	420583	284	415344	3.797260e-03	1.898630e-03	1.139178e-02	1.139178e-03	1344.11	672.06	2016.17	268.82
0.4000	0.5000	1	7	3	3	243	356128	236	345251	1.531045e-04	7.655225e-05	4.593135e-04	4.593135e-05	1578.37	789.19	2367.56	315.67
0.4000	0.5000	2	8	4	3	1140	1665574	1119	1634913	2.297383e-03	1.148692e-03	6.892149e-03	6.892149e-04	1399.62	699.81	2099.43	279.92
0.4000	0.5000	3	9	1	3	731	1068406	698	1019857	2.522659e-03	1.261330e-03	7.567978e-03	7.567978e-04	1330.81	665.40	1996.21	266.16
0.4000	0.5000	1	10	2	3	919	1342807	880	1285267	3.831402e-03	1.915701e-03	1.149421e-02	1.149421e-03	1494.52	747.26	2241.78	298.90
0.5000	0.6000	1	1	1	3	574	838405	547	800041	4.934534e-03	2.467267e-03	1.480360e-02	1.480360e-03	1423.29	711.64	2134.93	284.66
0.5000	0.6000	2	2	2	3	1185	1730433	1172	1711151	2.836181e-03	1.418090e-03	8.508542e-03	8.508542e-04	1437.87	718.94	2156.81	287.57
0.5000	0.6000	3	3	3	3	863	1260308	822	1200840	6.822078e-04	3.411039e-04	2.046623e-03	2.046623e-04	1348.32	674.16	2022.48	269.66
0.5000	0.6000	1	4	4	3	832	1216170	803	1172735	4.356136e-03	2.178068e-03	1.306841e-02	1.306841e-03	1379.29	689.64	2068.93	275.86
0.5000	0.6000	2	5	1	3	348	509172	332	485592	2.813886e-03	1.406943e-03	8.441658e-03	8.441658e-04	1597.04	798.52	2395.55	319.41
0.5000	0.6000	3	6	2	3	334	488729	327	478571	4.515674e-03	2.257837e-03	1.354702e-02	1.354702e-03	1327.27	663.64	1990.91	265.45
0.5000	0.6000	1	7	3	3	261	382092	252	368286	1.021794e-03	5.108968e-04	3.065381e-03	3.065381e-04	1449.40	724.70	2174.10	289.88
0.5000	0.6000	2	8	4	3	1154	1685859	1114	1627657	4.087596e-03	2.043798e-03	1.226279e-02	1.226279e-03	1513.94	756.97	2270.91	302.79
0.5000	0.6000	3	9	1	3	687	1004129	685	1000751	4.343713e-03	2.171857e-03	1.303114e-02	1.303114e-03	1327.20	663.60	1990.81	265.44
0.5000	0.6000	1	10	2	3	877	1280645	875	1278718	4.226383e-03	2.113191e-03	1.267915e-02	1.267915e-03	1558.79	779.40	2338.19	311.76
0.6000	0.7000	1	1	1	3	588	858852	581	848931	4.729352e-03	2.364676e-03	1.418806e-02	1.418806e-03	1562.10	781.05	2343.15	312.42
0.6000	0.7000	2	2	2	3	1236	1805706	1189	1736063	3.391333e-03	1.695667e-03	1.017400e-02	1.017400e-03	1494.49	747.25	2241.74	298.90
0.6000	0.7000	3	3	3	3	961	1404340	938	1370647	4.275689e-03	2.137845e-03	1.282707e-02	1.282707e-03	1475.16	737.58	2212.74	295.03
0.6000	0.7000	1	4	4	3	864	1262278	851	1243601	1.143524e-03	5.717622e-04	3.430573e-03	3.430573e-04	1353.82	676.91	2030.73	270.76
0.6000	0.7000	2	5	1	3	324	473739	322	471468	1.806452e-03	9.032259e-04	5.419355e-03	5.419355e-04	1464.08	732.04	2196.13	292.82
0.6000	0.7000	3	6	2	3	285	417019	277	405741	4.902160e-03	2.451080e-03	1.470648e-02	1.470648e-03	1457.84	728.92	2186.77	291.57
0.6000	0.7000	1	7	3	3	240	350698	230	336352	1.793770e-03	8.968848e-04	5.381309e-03	5.381309e-04	1575.86	787.93	2363.79	315.17
0.6000	0.7000	2	8	4	3	1105	1613590	1059	1547191	5.346424e-04	2.673212e-04	1.603927e-03	1.603927e-04	1349.23	674.61	2023.84	269.85
0.6000	0.7000	3	9	1	3	835	1219823	795	1161229	4.017111e-03	2.008555e-03	1.205133e-02	1.205133e-03	1497.35	748.67	2246.02	299.47
0.6000	0.7000	1	10	2	3	953	1392751	944	1379255	3.766472e-03	1.883236e-03	1.129942e-02	1.129942e-03	1367.88	683.94	2051.82	273.58
0.7000	0.8000	1	1	1	3	543	793578	528	772251	3.762608e-03	1.881304e-03	1.128782e-02	1.128782e-03	1324.71	662.36	1987.07	264.94
0.7000	0.8000	2	2	2	3	1418	2071226	1355	1978763	2.292321e-03	1.146160e-03	6.876962e-03	6.876962e-04	1469.52	734.76	2204.29	293.90
0.7000	0.8000	3	3	3	3	888	1297054	849	1239968	4.463584e-03	2.231792e-03	1.339075e-02	1.339075e-03	1487.33	743.66	2230.99	297.47
0.7000	0.8000	1	4	4	3	840	1227550	823	1202191	3.752653e-03	1.876327e-03	1.125796e-02	1.125796e-03	1440.04	720.02	2160.07	288.01
0.7000	0.8000	2	5	1	3	360	526848	349	509886	4.933925e-03	2.466962e-03	1.480177e-02	1.480177e-03	1490.89	745.44	2236.33	298.18
0.7000	0.8000	3	6	2	3	310	453575	298	435127	1.496966e-03	7.484832e-04	4.490899e-03	4.490899e-04	1364.63	682.31	2046.94	272.93
0.7000	0.8000	1	7	3	3	239	349042	228	333545	2.049492e-03	1.024746e-03	6.148477e-03	6.148477e-04	1597.09	798.54	2395.63	319.42
0.7000	0.8000	2	8	4	3	1163	1699050	1159	1693050	2.828138e-03	1.414069e-03	8.484415e-03	8.484415e-04	1480.91	740.46	2221.37	296.18
0.7000	0.8000	3	9	1	3	752	1098755	734	1071704	1.287808e-03	6.439038e-04	3.863423e-03	3.863423e-04	1347.53	673.77	2021.30	269.51
0.7000	0.8000	1	10	2	3	956	1395990	933	1363364	3.539353e-04	1.769677e-04	1.061806e-03	1.061806e-04	1412.29	706.14	2118.43	282.46
0.8000	0.9000	1	1	1	3	617	901829	594	868219	3.439363e-03	1.719682e-03	1.031809e-02	1.031809e-03	1535.99	767.99	2303.98	307.20
0.8000	0.9000	2	2	2	3	1264	1846700	1254	1831060	4.828632e-03	2.414316e-03	1.448590e-02	1.448590e-03	1350.29	675.15	2025.44	270.06
0.8000	0.9000	3	3	3	3	943	1378204	923	1348880	4.224961e-03	2.112481e-03	1.267488e-02	1.267488e-03	1354.81	677.41	2032.22	270.96
0.8000	0.9000	1	4	4	3	854	1246937	839	1226063	2.663021e-03	1.331510e-03	7.989062e-03	7.989062e-04	1418.78	709.39	2128.17	283.76
0.8000	0.9000	2	5	1	3	309	452217	301	440067	1.576752e-03	7.883758e-04	4.730255e-03	4.730255e-04	1532.30	766.15	2298.45	306.46
0.8000	0.9000	3	6	2	3	342	499882	340	497544	3.158766e-03	1.579383e-03	9.476299e-03	9.476299e-04	1348.13	674.07	2022.20	269.63
0.8000	0.9000	1	7	3	3	239	350214	235	343561	2.713959e-03	1.356980e-03	8.141878e-03	8.141878e-04	1575.02	787.51	2362.52	315.00
0.8000	0.9000	2	8	4	3	1182	1726351	1125	1642927	2.892459e-03	1.446230e-03	8.677378e-03	8.677378e-04	1536.64	768.32	2304.96	307.33
0.8000	0.9000	3	9	1	3	790	1153736	782	1142042	8.345954e-04	4.172977e-04	2.503786e-03	2.503786e-04	1380.94	690.47	2071.41	276.19
0.8000	0.9000	1	10	2	3	979	1429571	942	1376090	1.793910e-03	8.969552e-04	5.381731e-03	5.381731e-04	1367.03	683.51	2050.54	273.41
0.9000	1.0000	1	1	1	3	607	886720	581	849182	2.972526e-03	1.486263e-03	8.917579e-03	8.917579e-04	1461.72	730.86	2192.58	292.34
0.9000	1.0000	2	2	2	3	1236	1804728	1217	1777354	4.620247e-03	2.310123e-03	1.386074e-02	1.386074e-03	1520.51	760.26	2280.77	304.10
0.9000	1.0000	3	3	3	3	1034	1509784	1030	1504829	4.635286e-03	2.317643e-03	1.390586e-02	1.390586e-03	1445.65	722.82	2168.47	289.13
0.9000	1.0000	1	4	4	3	839	1226227	822	1201167	2.055113e-03	1.027557e-03	6.165340e-03	6.165340e-04	1329.99	665.00	1994.99	266.00
0.9000	1.0000	2	5	1	3	327	478049	319	466991	4.607293e-03	2.303646e-03	1.382188e-02	1.382188e-03	1415.13	707.57	2122.70	283.03
0.9000	1.0000	3	6	2	3	330	482766	316	462027	9.642962e-04	4.821481e-04	2.892889e-03	2.892889e-04	1459.52	729.76	2189.29	291.90
0.9000	1.0000	1	7	3	3	257	376223	244	357658	3.351333e-03	1.675667e-03	1.005400e-02	1.005400e-03	1365.99	682.99	2048.98	273.20
0.9000	1.0000	2	8	4	3	1281	1870808	1221	1783541	3.774806e-03	1.887403e-03	1.132442e-02	1.132442e-03	1375.29	687.65	2062.94	275.06
0.9000	1.0000	3	9	1	3	814	1189832	797	1163943	4.219723e-04	2.109862e-04	1.265917e-03	1.265917e-04	1540.45	770.23	2310.68	308.09
0.9000	1.0000	1	10	2	3	1019	1487882	976	1425036	9.914478e-04	4.957239e-04	2.974344e-03	2.974344e-04	1565.64	782.82	2348.46	313.13
1.0000	1.1000	1	1	1	3	555	810949	528	771430	8.651477e-04	4.325739e-04	2.595443e-03	2.595443e-04	1523.06	761.53	2284.60	304.61
1.0000	1.1000	2	2	2	3	1273	1859677	1211	1768525	6.101321e-04	3.050660e-04	1.830396e-03	1.830396e-04	1547.58	773.79	2321.36	309.52
1.0000	1.1000	3	3	3	3	959	1401310	946	1381850	4.292913e-03	2.146456e-03	1.287874e-02	1.287874e-03	1556.42	778.21	2334.64	311.28
1.0000	1.1000	1	4	4	3	862	1259082	819	1196946	5.189918e-04	2.594959e-04	1.556975e-03	1.556975e-04	1374.70	687.35	2062.05	274.94
1.0000	1.1000	2	5	1	3	360	526794	357	521985	1.774905e-03	8.874525e-04	5.324715e-03	5.324715e-04	1389.75	694.88	2084.63	277.95
1.0000	1.1000	3	6	2	3	318	464337	310	453936	2.237020e-03	1.118510e-03	6.711060e-03	6.711060e-04	1399.98	699.99	2099.98	280.00
1.0000	1.1000	1	7	3	3	235	343737	234	341924	4.019291e-03	2.009645e-03	1.205787e-02	1.205787e-03	1438.16	719.08	2157.24	287.63
1.0000	1.1000	2	8	4	3	1058	1545802	1013	1479282	4.191158e-03	2.095579e-03	1.257347e-02	1.257347e-03	1601.45	800.72	2402.17	320.29
1.0000	1.1000	3	9	1	3	836	1220635	805	1176329	2.815472e-03	1.407736e-03	8.446417e-03	8.446417e-04	1504.21	752.11	2256.32	300.84
1.0000	1.1000	1	10	2	3	971	1418547	952	1390212	3.358680e-03	1.679340e-03	1.007604e-02	1.007604e-03	1365.21	682.60	2047.81	273.04
1.1000	1.2000	1	1	1	3	569	831803	545	797128	3.716365e-03	1.858182e-03	1.114909e-02	1.114909e-03	1338.18	669.09	2007.27	267.64
1.1000	1.2000	2	2	2	3	1172	1712054	1156	1688003	1.555896e-03	7.779482e-04	4.667689e-03	4.667689e-04	1479.39	739.70	2219.09	295.88
1.1000	1.2000	3	3	3	3	938	1370389	893	1304006	1.385094e-03	6.925469e-04	4.155281e-03	4.155281e-04	1487.76	743.88	2231.64	297.55
1.1000	1.2000	1	4	4	3	885	1293087	846	1235324	4.681751e-04	2.340876e-04	1.404525e-03	1.404525e-04	1526.63	763.32	2289.95	305.33
1.1000	1.2000	2	5	1	3	357	521349	353	516120	3.504013e-03	1.752006e-03	1.051204e-02	1.051204e-03	1393.47	696.73	2090.20	278.69
1.1000	1.2000	3	6	2	3	341	498951	327	478622	2.755315e-03	1.377657e-03	8.265944e-03	8.265944e-04	1568.90	784.45	2353.35	313.78
1.1000	1.2000	1	7	3	3	245	358745	236	345286	2.498182e-03	1.249091e-03	7.494547e-03	7.494547e-04	1378.59	689.30	2067.89	275.72
1.1000	1.2000	2	8	4	3	1159	1693141	1112	1623770	2.882932e-03	1.441466e-03	8.648795e-03	8.648795e-04	1581.32	790.66	2371.98	316.26
1.1000	1.2000	3	9	1	3	834	1217879	828	1209478	4.238292e-03	2.119146e-03	1.271488e-02	1.271488e-03	1407.18	703.59	2110.77	281.44
1.1000	1.2000	1	10	2	3	938	1370189	895	1306951	3.511815e-03	1.755908e-03	1.053545e-02	1.053545e-03	1413.24	706.62	2119.87	282.65
1.2000	1.3000	1	1	1	3	630	920748	609	889385	3.166868e-03	1.583434e-03	9.500603e-03	9.500603e-04	1572.71	786.35	2359.06	314.54
1.2000	1.3000	2	2	2	3	1234	1802295	1230	1796804	4.014038e-03	2.007019e-03	1.204211e-02	1.204211e-03	1605.40	802.70	2408.10	321.08
1.2000	1.3000	3	3	3	3	1098	1604002	1091	1593870	4.922009e-03	2.461004e-03	1.476603e-02	1.476603e-03	1538.34	769.17	2307.50	307.67
1.2000	1.3000	1	4	4	3	819	1197129	793	1158498	1.507471e-03	7.537355e-04	4.522413e-03	4.522413e-04	1400.52	700.26	2100.78	280.10
1.2000	1.3000	2	5	1	3	344	502657	333	487183	3.430272e-03	1.715136e-03	1.029082e-02	1.029082e-03	1377.73	688.87	2066.60	275.55
1.2000	1.3000	3	6	2	3	361	527958	360	526499	2.390267e-03	1.195134e-03	7.170802e-03	7.170802e-04	1493.12	746.56	2239.67	298.62
1.2000	1.3000	1	7	3	3	237	347252	233	340441	2.612174e-03	1.306087e-03	7.836521e-03	7.836521e-04	1381.36	690.68	2072.03	276.27
1.2000	1.3000	2	8	4	3	1099	1604711	1047	1529116	4.848603e-03	2.424301e-03	1.454581e-02	1.454581e-03	1572.07	786.03	2358.10	314.41
1.2000	1.3000	3	9	1	3	899	1313168	885	1293209	8.540899e-04	4.270450e-04	2.562270e-03	2.562270e-04	1552.22	776.11	2328.33	310.44
1.2000	1.3000	1	10	2	3	1033	1508991	986	1440444	4.399558e-03	2.199779e-03	1.319867e-02	1.319867e-03	1391.56	695.78	2087.33	278.31
1.3000	1.4000	1	1	1	3	596	870900	586	855887	2.799201e-03	1.399601e-03	8.397603e-03	8.397603e-04	1339.40	669.70	2009.10	267.88
1.3000	1.4000	2	2	2	3	1227	1791937	1170	1709601	1.178898e-03	5.894488e-04	3.536693e-03	3.536693e-04	1513.51	756.76	2270.27	302.70
1.3000	1.4000	3	3	3	3	1109	1620405	1100	1606200	1.804265e-03	9.021326e-04	5.412795e-03	5.412795e-04	1511.98	755.99	2267.97	302.40
1.3000	1.4000	1	4	4	3	862	1258933	855	1249527	4.349742e-03	2.174871e-03	1.304922e-02	1.304922e-03	1520.84	760.42	2281.26	304.17
1.3000	1.4000	2	5	1	3	368	538328	353	515680	4.416267e-03	2.208133e-03	1.324880e-02	1.324880e-03	1568.58	784.29	2352.87	313.72
1.3000	1.4000	3	6	2	3	365	533548	350	511159	4.108038e-03	2.054019e-03	1.232412e-02	1.232412e-03	1556.98	778.49	2335.47	311.40
1.3000	1.4000	1	7	3	3	238	347676	233	341275	1.373038e-03	6.865188e-04	4.119113e-03	4.119113e-04	1499.13	749.56	2248.69	299.83
1.3000	1.4000	2	8	4	3	1149	1678204	1147	1675098	1.775174e-03	8.875868e-04	5.325521e-03	5.325521e-04	1498.73	749.36	2248.09	299.75
1.3000	1.4000	3	9	1	3	821	1198717	792	1156819	3.570043e-03	1.785022e-03	1.071013e-02	1.071013e-03	1333.67	666.83	2000.50	266.73
1.3000	1.4000	1	10	2	3	932	1361476	921	1345020	2.204759e-04	1.102379e-04	6.614277e-04	6.614277e-05	1320.46	660.23	1980.69	264.09
1.4000	1.5000	1	1	1	3	571	834792	551	804473	4.985910e-03	2.492955e-03	1.495773e-02	1.495773e-03	1438.44	719.22	2157.67	287.69
1.4000	1.5000	2	2	2	3	1166	1703259	1113	1625111	3.434447e-03	1.717223e-03	1.030334e-02	1.030334e-03	1505.12	752.56	2257.68	301.02
1.4000	1.5000	3	3	3	3	1012	1478390	983	1435496	3.228777e-03	1.614389e-03	9.686331e-03	9.686331e-04	1430.10	715.05	2145.15	286.02
1.4000	1.5000	1	4	4	3	827	1208070	794	1160538	2.525570e-04	1.262785e-04	7.576710e-04	7.576710e-05	1504.29	752.14	2256.43	300.86
1.4000	1.5000	2	5	1	3	350	512158	346	506291	4.239438e-03	2.119719e-03	1.271831e-02	1.271831e-03	1536.22	768.11	2304.33	307.24
1.4000	1.5000	3	6	2	3	346	505736	342	500591	2.459460e-03	1.229730e-03	7.378379e-03	7.378379e-04	1348.25	674.13	2022.38	269.65
1.4000	1.5000	1	7	3	3	235	343694	224	327612	2.951660e-03	1.475830e-03	8.854980e-03	8.854980e-04	1392.55	696.27	2088.82	278.51
1.4000	1.5000	2	8	4	3	1109	1620050	1087	1587650	1.529147e-03	7.645733e-04	4.587440e-03	4.587440e-04	1516.93	758.47	2275.40	303.39
1.4000	1.5000	3	9	1	3	795	1161293	765	1117282	4.934647e-03	2.467323e-03	1.480394e-02	1.480394e-03	1355.61	677.80	2033.41	271.12
1.4000	1.5000	1	10	2	3	948	1385143	916	1338495	2.636787e-03	1.318394e-03	7.910361e-03	7.910361e-04	1339.66	669.83	2009.49	267.93
1.5000	1.6000	1	1	1	3	558	815626	546	797989	3.478378e-03	1.739189e-03	1.043514e-02	1.043514e-03	1547.77	773.89	2321.66	309.55
1.5000	1.6000	2	2	2	3	1315	1920496	1251	1827504	4.687440e-03	2.343720e-03	1.406232e-02	1.406232e-03	1329.18	664.59	1993.76	265.84
1.5000	1.6000	3	3	3	3	1014	1481839	981	1432897	4.092643e-03	2.046322e-03	1.227793e-02	1.227793e-03	1337.39	668.70	2006.09	267.48
1.5000	1.6000	1	4	4	3	924	1349703	902	1317742	3.684789e-03	1.842394e-03	1.105437e-02	1.105437e-03	1337.84	668.92	2006.75	267.57
1.5000	1.6000	2	5	1	3	339	495465	338	494867	1.750789e-03	8.753947e-04	5.252368e-03	5.252368e-04	1367.18	683.59	2050.77	273.44
1.5000	1.6000	3	6	2	3	369	538949	354	518157	4.982036e-03	2.491018e-03	1.494611e-02	1.494611e-03	1598.64	799.32	2397.96	319.73
1.5000	1.6000	1	7	3	3	232	339954	231	337714	3.663128e-03	1.831564e-03	1.098939e-02	1.098939e-03	1530.87	765.44	2296.31	306.17
1.5000	1.6000	2	8	4	3	1148	1676138	1115	1629090	3.653763e-03	1.826881e-03	1.096129e-02	1.096129e-03	1456.11	728.05	2184.16	291.22
1.5000	1.6000	3	9	1	3	854	1248224	851	1242754	1.132245e-03	5.661224e-04	3.396734e-03	3.396734e-04	1495.91	747.95	2243.86	299.18
1.5000	1.6000	1	10	2	3	983	1435215	942	1376348	1.263962e-03	6.319811e-04	3.791887e-03	3.791887e-04	1597.65	798.82	2396.47	319.53
1.6000	1.7000	1	1	1	3	604	881965	587	857503	2.622605e-03	1.311303e-03	7.867815e-03	7.867815e-04	1418.90	709.45	2128.34	283.78
1.6000	1.7000	2	2	2	3	1149	1678718	1136	1659704	7.412809e-04	3.706405e-04	2.223843e-03	2.223843e-04	1597.19	798.59	2395.78	319.44
1.6000	1.7000	3	3	3	3	961	1403761	929	1357226	4.161528e-03	2.080764e-03	1.248459e-02	1.248459e-03	1439.82	719.91	2159.73	287.96
1.6000	1.7000	1	4	4	3	822	1201503	783	1143630	3.708370e-03	1.854185e-03	1.112511e-02	1.112511e-03	1507.83	753.92	2261.75	301.57
1.6000	1.7000	2	5	1	3	362	529469	348	508444	6.484061e-04	3.242031e-04	1.945218e-03	1.945218e-04	1392.77	696.38	2089.15	278.55
1.6000	1.7000	3	6	2	3	347	507032	335	489695	2.585451e-03	1.292725e-03	7.756352e-03	7.756352e-04	1326.14	663.07	1989.21	265.23
1.6000	1.7000	1	7	3	3	246	360164	239	350344	2.626421e-03	1.313210e-03	7.879262e-03	7.879262e-04	1456.74	728.37	2185.11	291.35
1.6000	1.7000	2	8	4	3	1198	1749378	1150	1679564	3.399819e-03	1.699909e-03	1.019946e-02	1.019946e-03	1597.21	798.61	2395.82	319.44
1.6000	1.7000	3	9	1	3	808	1180421	796	1162279	4.206765e-03	2.103382e-03	1.262029e-02	1.262029e-03	1589.83	794.91	2384.74	317.97
1.6000	1.7000	1	10	2	3	968	1414701	921	1346115	4.661649e-03	2.330824e-03	1.398495e-02	1.398495e-03	1515.34	757.67	2273.01	303.07
1.7000	1.8000	1	1	1	3	636	928753	607	887265	3.323442e-03	1.661721e-03	9.970326e-03	9.970326e-04	1605.83	802.91	2408.74	321.17
1.7000	1.8000	2	2	2	3	1249	1823751	1222	1784268	3.718401e-03	1.859201e-03	1.115520e-02	1.115520e-03	1570.53	785.26	2355.79	314.11
1.7000	1.8000	3	3	3	3	967	1413253	958	1398965	2.234358e-03	1.117179e-03	6.703075e-03	6.703075e-04	1552.81	776.40	2329.21	310.56
1.7000	1.8000	1	4	4	3	791	1155792	767	1120897	3.507789e-03	1.753895e-03	1.052337e-02	1.052337e-03	1427.46	713.73	2141.19	285.49
1.7000	1.8000	2	5	1	3	373	544870	366	534503	2.371121e-03	1.185560e-03	7.113362e-03	7.113362e-04	1424.90	712.45	2137.35	284.98
1.7000	1.8000	3	6	2	3	305	446629	299	437253	2.714652e-03	1.357326e-03	8.143957e-03	8.143957e-04	1491.51	745.75	2237.26	298.30
1.7000	1.8000	1	7	3	3	244	357454	235	343932	4.642469e-03	2.321235e-03	1.392741e-02	1.392741e-03	1331.60	665.80	1997.40	266.32
1.7000	1.8000	2	8	4	3	1039	1517229	1002	1462978	1.605721e-03	8.028604e-04	4.817162e-03	4.817162e-04	1548.48	774.24	2322.73	309.70
1.7000	1.8000	3	9	1	3	761	1111648	739	1079051	6.972419e-04	3.486209e-04	2.091726e-03	2.091726e-04	1366.90	683.45	2050.34	273.38
1.7000	1.8000	1	10	2	3	930	1358503	910	1329112	1.357158e-03	6.785788e-04	4.071473e-03	4.071473e-04	1595.17	797.59	2392.76	319.03
1.8000	1.9000	1	1	1	3	591	864003	590	861903	3.047898e-03	1.523949e-03	9.143694e-03	9.143694e-04	1553.20	776.60	2329.80	310.64
1.8000	1.9000	2	2	2	3	1143	1669033	1134	1655669	4.510113e-03	2.255057e-03	1.353034e-02	1.353034e-03	1417.20	708.60	2125.80	283.44
1.8000	1.9000	3	3	3	3	904	1320619	889	1298667	5.681230e-04	2.840615e-04	1.704369e-03	1.704369e-04	1496.17	748.08	2244.25	299.23
1.8000	1.9000	1	4	4	3	864	1261569	830	1212162	5.690013e-04	2.845007e-04	1.707004e-03	1.707004e-04	1320.90	660.45	1981.35	264.18
1.8000	1.9000	2	5	1	3	335	489494	328	479568	2.534158e-03	1.267079e-03	7.602473e-03	7.602473e-04	1602.43	801.22	2403.65	320.49
1.8000	1.9000	3	6	2	3	348	508155	342	500340	4.957154e-03	2.478577e-03	1.487146e-02	1.487146e-03	1351.49	675.75	2027.24	270.30
1.8000	1.9000	1	7	3	3	231	337857	220	322411	4.481535e-03	2.240768e-03	1.344461e-02	1.344461e-03	1370.03	685.01	2055.04	274.01
1.8000	1.9000	2	8	4	3	1137	1660360	1084	1582955	4.021747e-03	2.010873e-03	1.206524e-02	1.206524e-03	1382.24	691.12	2073.37	276.45
1.8000	1.9000	3	9	1	3	704	1028473	680	994173	3.380486e-03	1.690243e-03	1.014146e-02	1.014146e-03	1604.29	802.14	2406.43	320.86
1.8000	1.9000	1	10	2	3	925	1351245	905	1321672	4.792364e-03	2.396182e-03	1.437709e-02	1.437709e-03	1365.19	682.59	2047.78	273.04
1.9000	2.0000	1	1	1	3	584	853852	577	843441	1.803100e-03	9.015502e-04	5.409301e-03	5.409301e-04	1508.15	754.08	2262.23	301.63
1.9000	2.0000	2	2	2	3	1162	1696880	1161	1696242	4.642305e-03	2.321152e-03	1.392691e-02	1.392691e-03	1471.67	735.83	2207.50	294.33
1.9000	2.0000	3	3	3	3	901	1315777	861	1258390	4.147731e-03	2.073866e-03	1.244319e-02	1.244319e-03	1542.35	771.18	2313.53	308.47
1.9000	2.0000	1	4	4	3	804	1174763	767	1121172	4.691093e-03	2.345547e-03	1.407328e-02	1.407328e-03	1475.71	737.86	2213.57	295.14
1.9000	2.0000	2	5	1	3	351	513313	350	511244	2.535121e-03	1.267561e-03	7.605363e-03	7.605363e-04	1603.71	801.86	2405.57	320.74
1.9000	2.0000	3	6	2	3	313	457707	303	443532	4.402074e-03	2.201037e-03	1.320622e-02	1.320622e-03	1567.47	783.74	2351.21	313.49
1.9000	2.0000	1	7	3	3	233	341373	224	327266	3.505260e-03	1.752630e-03	1.051578e-02	1.051578e-03	1415.06	707.53	2122.59	283.01
1.9000	2.0000	2	8	4	3	1133	1655462	1111	1622870	3.847568e-03	1.923784e-03	1.154270e-02	1.154270e-03	1365.05	682.53	2047.58	273.01
1.9000	2.0000	3	9	1	3	737	1076861	701	1024407	7.623148e-04	3.811574e-04	2.286944e-03	2.286944e-04	1595.23	797.61	2392.84	319.05
1.9000	2.0000	1	10	2	3	962	1405133	935	1365754	6.177570e-04	3.088785e-04	1.853271e-03	1.853271e-04	1501.12	750.56	2251.68	300.22
2.0000	2.1000	1	1	1	3	581	849464	554	809461	4.974845e-03	2.487422e-03	1.492453e-02	1.492453e-03	1330.87	665.44	1996.31	266.17
2.0000	2.1000	2	2	2	3	1191	1739860	1173	1713080	4.052298e-04	2.026149e-04	1.215689e-03	1.215689e-04	1462.75	731.38	2194.13	292.55
2.0000	2.1000	3	3	3	3	905	1321368	883	1290120	2.187809e-03	1.093904e-03	6.563426e-03	6.563426e-04	1352.17	676.08	2028.25	270.43
2.0000	2.1000	1	4	4	3	788	1151278	781	1141350	3.694710e-03	1.847355e-03	1.108413e-02	1.108413e-03	1538.64	769.32	2307.96	307.73
2.0000	2.1000	2	5	1	3	335	489777	327	478397	1.154489e-03	5.772446e-04	3.463468e-03	3.463468e-04	1317.54	658.77	1976.31	263.51
2.0000	2.1000	3	6	2	3	301	440889	288	421263	2.785001e-03	1.392501e-03	8.355004e-03	8.355004e-04	1446.68	723.34	2170.02	289.34
2.0000	2.1000	1	7	3	3	230	336752	227	332329	2.432489e-03	1.216244e-03	7.297467e-03	7.297467e-04	1423.76	711.88	2135.64	284.75
2.0000	2.1000	2	8	4	3	1097	1602085	1080	1577103	2.244255e-03	1.122128e-03	6.732766e-03	6.732766e-04	1388.36	694.18	2082.55	277.67
2.0000	2.1000	3	9	1	3	815	1191064	801	1170777	4.486077e-03	2.243038e-03	1.345823e-02	1.345823e-03	1499.91	749.95	2249.86	299.98
2.0000	2.1000	1	10	2	3	981	1432830	957	1397884	3.433116e-03	1.716558e-03	1.029935e-02	1.029935e-03	1326.17	663.08	1989.25	265.23
2.1000	2.2000	1	1	1	3	548	800793	530	774755	3.895802e-03	1.947901e-03	1.168741e-02	1.168741e-03	1507.12	753.56	2260.68	301.42
2.1000	2.2000	2	2	2	3	1302	1901322	1254	1831452	2.026303e-04	1.013152e-04	6.078909e-04	6.078909e-05	1337.99	669.00	2006.99	267.60
2.1000	2.2000	3	3	3	3	773	1129263	742	1084413	6.947934e-04	3.473967e-04	2.084380e-03	2.084380e-04	1493.58	746.79	2240.38	298.72
2.1000	2.2000	1	4	4	3	810	1183474	809	1182288	3.049220e-03	1.524610e-03	9.147659e-03	9.147659e-04	1484.07	742.03	2226.10	296.81
2.1000	2.2000	2	5	1	3	338	494342	337	492564	1.200616e-03	6.003082e-04	3.601849e-03	3.601849e-04	1422.67	711.34	2134.01	284.53
2.1000	2.2000	3	6	2	3	288	420507	286	418129	3.264473e-03	1.632236e-03	9.793419e-03	9.793419e-04	1397.48	698.74	2096.23	279.50
2.1000	2.2000	1	7	3	3	233	341508	231	337325	2.356644e-03	1.178322e-03	7.069931e-03	7.069931e-04	1559.86	779.93	2339.80	311.97
2.1000	2.2000	2	8	4	3	1145	1672538	1144	1671255	4.693202e-03	2.346601e-03	1.407960e-02	1.407960e-03	1326.61	663.30	1989.91	265.32
2.1000	2.2000	3	9	1	3	690	1008690	673	983767	4.219445e-03	2.109722e-03	1.265833e-02	1.265833e-03	1527.98	763.99	2291.97	305.60
2.1000	2.2000	1	10	2	3	986	1440221	971	1417817	4.379282e-03	2.189641e-03	1.313785e-02	1.313785e-03	1499.80	749.90	2249.70	299.96
2.2000	2.3000	1	1	1	3	581	849654	576	841160	1.099775e-03	5.498873e-04	3.299324e-03	3.299324e-04	1476.08	738.04	2214.13	295.22
2.2000	2.3000	2	2	2	3	1302	1902303	1273	1859903	1.256251e-04	6.281255e-05	3.768753e-04	3.768753e-05	1536.21	768.10	2304.31	307.24
2.2000	2.3000	3	3	3	3	794	1159561	767	1120537	8.295514e-04	4.147757e-04	2.488654e-03	2.488654e-04	1403.24	701.62	2104.85	280.65
2.2000	2.3000	1	4	4	3	909	1328408	904	1320849	3.005917e-03	1.502959e-03	9.017752e-03	9.017752e-04	1428.33	714.16	2142.49	285.67
2.2000	2.3000	2	5	1	3	318	465119	315	460332	5.556541e-04	2.778271e-04	1.666962e-03	1.666962e-04	1485.76	742.88	2228.63	297.15
2.2000	2.3000	3	6	2	3	301	439510	294	429855	3.057090e-03	1.528545e-03	9.171269e-03	9.171269e-04	1511.53	755.76	2267.29	302.31
2.2000	2.3000	1	7	3	3	226	330297	215	314749	1.737768e-03	8.688839e-04	5.213303e-03	5.213303e-04	1543.19	771.59	2314.78	308.64
2.2000	2.3000	2	8	4	3	1070	1562916	1034	1510417	2.226695e-03	1.113347e-03	6.680085e-03	6.680085e-04	1339.87	669.94	2009.81	267.97
2.2000	2.3000	3	9	1	3	646	943339	634	926178	3.949693e-03	1.974846e-03	1.184908e-02	1.184908e-03	1348.55	674.28	2022.83	269.71
2.2000	2.3000	1	10	2	3	1049	1532597	1006	1470103	1.874954e-03	9.374768e-04	5.624861e-03	5.624861e-04	1411.68	705.84	2117.52	282.34
2.3000	2.4000	1	1	1	3	592	864676	571	834357	4.709328e-03	2.354664e-03	1.412798e-02	1.412798e-03	1389.71	694.86	2084.57	277.94
2.3000	2.4000	2	2	2	3	1260	1841004	1226	1791129	2.466547e-03	1.233274e-03	7.399642e-03	7.399642e-04	1352.98	676.49	2029.46	270.60
2.3000	2.4000	3	3	3	3	106	155905	105	154077	8.786500e-04	4.393250e-04	2.635950e-03	2.635950e-04	1492.19	746.09	2238.28	298.44
2.3000	2.4000	1	4	4	3	833	1216696	802	1171782	1.310196e-03	6.550981e-04	3.930588e-03	3.930588e-04	1578.63	789.31	2367.94	315.73
2.3000	2.4000	2	5	1	3	370	541110	353	515823	2.489099e-03	1.244549e-03	7.467297e-03	7.467297e-04	1323.82	661.91	1985.72	264.76
2.3000	2.4000	3	6	2	3	234	342734	227	331549	4.509183e-03	2.254592e-03	1.352755e-02	1.352755e-03	1320.37	660.19	1980.56	264.07
2.3000	2.4000	1	7	3	3	217	317479	214	313206	4.908356e-03	2.454178e-03	1.472507e-02	1.472507e-03	1388.91	694.45	2083.36	277.78
2.3000	2.4000	2	8	4	3	1161	1696192	1139	1662991	1.812581e-03	9.062906e-04	5.437744e-03	5.437744e-04	1347.32	673.66	2020.97	269.46
2.3000	2.4000	3	9	1	3	657	959827	641	936953	6.623675e-04	3.311837e-04	1.987102e-03	1.987102e-04	1565.16	782.58	2347.74	313.03
2.3000	2.4000	1	10	2	3	919	1342661	894	1306295	2.475012e-03	1.237506e-03	7.425035e-03	7.425035e-04	1362.41	681.20	2043.61	272.48
2.4000	2.5000	1	1	1	3	518	757183	509	743969	2.772616e-03	1.386308e-03	8.317848e-03	8.317848e-04	1332.18	666.09	1998.28	266.44
2.4000	2.5000	2	2	2	3	1189	1736938	1139	1664395	1.718054e-03	8.590269e-04	5.154161e-03	5.154161e-04	1534.97	767.49	2302.46	306.99
2.4000	2.5000	3	3	3	3	97	141848	97	141741	3.882861e-03	1.941431e-03	1.164858e-02	1.164858e-03	1321.93	660.97	1982.90	264.39
2.4000	2.5000	1	4	4	3	829	1211785	792	1157586	3.318223e-03	1.659111e-03	9.954668e-03	9.954668e-04	1554.05	777.03	2331.08	310.81
2.4000	2.5000	2	5	1	3	346	506382	334	488332	3.984987e-03	1.992493e-03	1.195496e-02	1.195496e-03	1482.66	741.33	2223.99	296.53
2.4000	2.5000	3	6	2	3	255	372635	244	356946	3.509906e-03	1.754953e-03	1.052972e-02	1.052972e-03	1545.63	772.82	2318.45	309.13
2.4000	2.5000	1	7	3	3	231	338621	222	324809	4.480550e-03	2.240275e-03	1.344165e-02	1.344165e-03	1505.05	752.53	2257.58	301.01
2.4000	2.5000	2	8	4	3	1136	1659543	1134	1656815	2.147029e-03	1.073514e-03	6.441086e-03	6.441086e-04	1601.36	800.68	2402.04	320.27
2.4000	2.5000	3	9	1	3	613	896429	588	858879	1.617768e-04	8.088842e-05	4.853305e-04	4.853305e-05	1477.45	738.72	2216.17	295.49
2.4000	2.5000	1	10	2	3	968	1414230	929	1356770	4.305068e-03	2.152534e-03	1.291520e-02	1.291520e-03	1553.17	776.58	2329.75	310.63
2.5000	2.6000	1	1	1	3	626	915173	609	890429	1.853212e-03	9.266058e-04	5.559635e-03	5.559635e-04	1458.31	729.16	2187.47	291.66
2.5000	2.6000	2	2	2	3	1281	1870352	1223	1786245	1.275383e-03	6.376916e-04	3.826149e-03	3.826149e-04	1355.46	677.73	2033.18	271.09
2.5000	2.6000	2	3	3	3	104	152709	101	147764	4.223093e-03	2.111547e-03	1.266928e-02	1.266928e-03	1451.62	725.81	2177.42	290.32
2.5000	2.6000	1	4	4	3	788	1150732	775	1132684	4.412416e-04	2.206208e-04	1.323725e-03	1.323725e-04	1365.07	682.53	2047.60	273.01
2.5000	2.6000	2	5	1	3	359	525466	354	517430	2.612008e-03	1.306004e-03	7.836025e-03	7.836025e-04	1403.15	701.58	2104.73	280.63
2.5000	2.6000	3	6	2	3	247	361499	246	359171	3.853717e-03	1.926859e-03	1.156115e-02	1.156115e-03	1544.23	772.11	2316.34	308.85
2.5000	2.6000	1	7	3	3	243	355967	232	340144	2.290572e-03	1.145286e-03	6.871716e-03	6.871716e-04	1448.42	724.21	2172.64	289.68
2.5000	2.6000	2	8	4	3	1104	1613169	1090	1592190	4.598575e-03	2.299288e-03	1.379573e-02	1.379573e-03	1395.77	697.89	2093.66	279.15
2.5000	2.6000	3	9	1	3	609	890491	579	846768	4.817771e-03	2.408885e-03	1.445331e-02	1.445331e-03	1526.19	763.09	2289.28	305.24
2.5000	2.6000	1	10	2	3	976	1426339	932	1361906	1.285280e-03	6.426399e-04	3.855839e-03	3.855839e-04	1317.62	658.81	1976.43	263.52
2.6000	2.7000	1	1	1	3	557	813391	549	802946	3.358999e-04	1.679499e-04	1.007700e-03	1.007700e-04	1577.65	788.82	2366.47	315.53
2.6000	2.7000	2	2	2	3	1222	1785536	1210	1767196	2.698843e-04	1.349422e-04	8.096529e-04	8.096529e-05	1484.18	742.09	2226.27	296.84
2.6000	2.7000	2	3	3	3	94	137274	89	131054	4.557171e-03	2.278586e-03	1.367151e-02	1.367151e-03	1509.41	754.70	2264.11	301.88
2.6000	2.7000	1	4	4	3	724	1057541	699	1021423	2.229520e-03	1.114760e-03	6.688561e-03	6.688561e-04	1539.97	769.99	2309.96	307.99
2.6000	2.7000	2	5	1	3	372	544121	365	533012	3.542905e-03	1.771453e-03	1.062872e-02	1.062872e-03	1383.33	691.67	2075.00	276.67
2.6000	2.7000	3	6	2	3	253	369714	252	368799	3.043190e-03	1.521595e-03	9.129571e-03	9.129571e-04	1531.13	765.56	2296.69	306.23
2.6000	2.7000	1	7	3	3	227	331601	221	322854	3.236789e-04	1.618394e-04	9.710366e-04	9.710366e-05	1354.89	677.44	2032.33	270.98
2.6000	2.7000	2	8	4	3	1055	1540985	1034	1510995	1.475348e-03	7.376739e-04	4.426043e-03	4.426043e-04	1374.44	687.22	2061.66	274.89
2.6000	2.7000	3	9	1	3	547	800076	542	792178	2.903038e-03	1.451519e-03	8.709115e-03	8.709115e-04	1463.70	731.85	2195.55	292.74
2.6000	2.7000	1	10	2	3	969	1415548	926	1352827	1.791593e-03	8.957967e-04	5.374780e-03	5.374780e-04	1462.16	731.08	2193.25	292.43
2.7000	2.8000	1	1	1	3	567	828214	550	804271	2.114003e-03	1.057002e-03	6.342010e-03	6.342010e-04	1579.02	789.51	2368.53	315.80
2.7000	2.8000	2	2	2	3	1199	1751558	1155	1686540	3.916710e-04	1.958355e-04	1.175013e-03	1.175013e-04	1490.31	745.15	2235.46	298.06
2.7000	2.8000	2	3	3	3	550	803388	526	768080	2.152844e-03	1.076422e-03	6.458533e-03	6.458533e-04	1533.34	766.67	2300.02	306.67
2.7000	2.8000	1	4	4	3	844	1233131	831	1213318	1.873408e-03	9.367040e-04	5.620224e-03	5.620224e-04	1487.35	743.67	2231.02	297.47
2.7000	2.8000	2	5	1	3	361	527526	356	520245	6.907362e-04	3.453681e-04	2.072209e-03	2.072209e-04	1577.52	788.76	2366.27	315.50
2.7000	2.8000	3	6	2	3	215	314356	207	303275	2.481402e-03	1.240701e-03	7.444207e-03	7.444207e-04	1482.54	741.27	2223.81	296.51
2.7000	2.8000	1	7	3	3	250	366180	246	359813	4.243461e-03	2.121731e-03	1.273038e-02	1.273038e-03	1516.21	758.10	2274.31	303.24
2.7000	2.8000	2	8	4	3	1192	1740461	1159	1692286	4.012064e-03	2.006032e-03	1.203619e-02	1.203619e-03	1554.15	777.07	2331.22	310.83
2.7000	2.8000	3	9	1	3	546	797679	529	772598	3.045263e-03	1.522632e-03	9.135790e-03	9.135790e-04	1520.03	760.02	2280.05	304.01
2.7000	2.8000	1	10	2	3	906	1323184	901	1315912	1.794800e-03	8.973998e-04	5.384399e-03	5.384399e-04	1359.10	679.55	2038.65	271.82
2.8000	2.9000	1	1	1	3	571	834493	554	809859	1.624966e-03	8.124829e-04	4.874897e-03	4.874897e-04	1511.72	755.86	2267.58	302.34
2.8000	2.9000	2	2	2	3	1227	1792540	1208	1764600	7.887095e-04	3.943548e-04	2.366129e-03	2.366129e-04	1455.79	727.90	2183.69	291.16
2.8000	2.9000	2	3	3	3	568	830152	541	789929	2.001135e-03	1.000568e-03	6.003405e-03	6.003405e-04	1360.73	680.36	2041.09	272.15
2.8000	2.9000	1	4	4	3	861	1257115	822	1201559	4.784002e-03	2.392001e-03	1.435201e-02	1.435201e-03	1405.68	702.84	2108.52	281.14
2.8000	2.9000	2	5	1	3	343	500828	332	485440	1.767897e-03	8.839484e-04	5.303690e-03	5.303690e-04	1472.09	736.05	2208.14	294.42
2.8000	2.9000	3	6	2	3	209	306309	203	297739	1.581433e-03	7.907165e-04	4.744299e-03	4.744299e-04	1389.73	694.86	2084.59	277.95
2.8000	2.9000	1	7	3	3	212	310303	208	303793	7.820638e-04	3.910319e-04	2.346192e-03	2.346192e-04	1443.66	721.83	2165.49	288.73
2.8000	2.9000	2	8	4	3	1197	1748780	1175	1715610	1.086429e-03	5.432147e-04	3.259288e-03	3.259288e-04	1429.38	714.69	2144.07	285.88
2.8000	2.9000	3	9	1	3	501	732458	489	715369	4.362849e-03	2.181424e-03	1.308855e-02	1.308855e-03	1352.15	676.08	2028.23	270.43
2.8000	2.9000	1	10	2	3	989	1444147	986	1440106	8.291003e-04	4.145501e-04	2.487301e-03	2.487301e-04	1449.10	724.55	2173.65	289.82
2.9000	3.0000	1	1	1	3	535	782508	516	754563	1.095793e-03	5.478966e-04	3.287379e-03	3.287379e-04	1536.45	768.22	2304.67	307.29
2.9000	3.0000	2	2	2	3	1294	1889687	1293	1887867	2.097163e-03	1.048581e-03	6.291488e-03	6.291488e-04	1555.64	777.82	2333.45	311.13
2.9000	3.0000	2	3	3	3	542	791709	538	785928	2.251834e-03	1.125917e-03	6.755502e-03	6.755502e-04	1561.31	780.66	2341.97	312.26
2.9000	3.0000	1	4	4	3	862	1259110	846	1235601	4.639275e-03	2.319637e-03	1.391782e-02	1.391782e-03	1319.58	659.79	1979.37	263.92
2.9000	3.0000	2	5	1	3	331	484071	319	467113	1.857706e-03	9.288530e-04	5.573118e-03	5.573118e-04	1548.90	774.45	2323.34	309.78
2.9000	3.0000	3	6	2	3	200	293004	193	282670	1.701449e-04	8.507243e-05	5.104346e-04	5.104346e-05	1529.46	764.73	2294.19	305.89
2.9000	3.0000	1	7	3	3	245	358168	241	352053	3.853968e-03	1.926984e-03	1.156190e-02	1.156190e-03	1561.01	780.50	2341.51	312.20
2.9000	3.0000	2	8	4	3	1126	1644021	1092	1595284	4.234482e-04	2.117241e-04	1.270345e-03	1.270345e-04	1415.86	707.93	2123.78	283.17
2.9000	3.0000	3	9	1	3	422	616940	403	588463	2.553059e-03	1.276529e-03	7.659177e-03	7.659177e-04	1546.00	773.00	2319.00	309.20
2.9000	3.0000	1	10	2	3	882	1288039	848	1238603	1.476922e-03	7.384610e-04	4.430766e-03	4.430766e-04	1548.62	774.31	2322.93	309.72
3.0000	3.1000	1	1	1	3	580	847271	557	814482	3.238333e-03	1.619166e-03	9.714998e-03	9.714998e-04	1599.86	799.93	2399.79	319.97
3.0000	3.1000	2	2	2	3	1043	1523923	1022	1492367	3.161441e-03	1.580720e-03	9.484323e-03	9.484323e-04	1334.96	667.48	2002.44	266.99
3.0000	3.1000	2	3	3	3	528	771763	516	754494	2.648832e-03	1.324416e-03	7.946497e-03	7.946497e-04	1355.72	677.86	2033.58	271.14
3.0000	3.1000	1	4	4	3	808	1180344	793	1158481	3.662270e-04	1.831135e-04	1.098681e-03	1.098681e-04	1532.60	766.30	2298.91	306.52
3.0000	3.1000	2	5	1	3	339	495275	336	491296	1.187176e-04	5.935881e-05	3.561529e-04	3.561529e-05	1386.07	693.04	2079.11	277.21
3.0000	3.1000	3	6	2	3	168	245917	167	243983	1.635405e-03	8.177024e-04	4.906214e-03	4.906214e-04	1544.37	772.18	2316.55	308.87
3.0000	3.1000	1	7	3	3	240	351109	229	335121	3.466394e-03	1.733197e-03	1.039918e-02	1.039918e-03	1458.19	729.10	2187.29	291.64
3.0000	3.1000	2	8	4	3	1190	1737545	1188	1734595	3.829085e-03	1.914543e-03	1.148726e-02	1.148726e-03	1591.63	795.81	2387.44	318.33
3.0000	3.1000	3	9	1	3	453	662217	431	630701	1.864247e-03	9.321236e-04	5.592742e-03	5.592742e-04	1593.39	796.69	2390.08	318.68
3.0000	3.1000	1	10	2	3	932	1362063	903	1319145	3.565396e-04	1.782698e-04	1.069619e-03	1.069619e-04	1538.13	769.06	2307.19	307.63
3.1000	3.2000	1	1	1	3	606	885339	590	861978	4.412768e-03	2.206384e-03	1.323830e-02	1.323830e-03	1377.00	688.50	2065.49	275.40
3.1000	3.2000	2	2	2	3	1252	1828691	1236	1804789	1.646574e-03	8.232870e-04	4.939722e-03	4.939722e-04	1502.29	751.15	2253.44	300.46
3.1000	3.2000	2	3	3	3	479	700324	464	678186	3.846506e-04	1.923253e-04	1.153952e-03	1.153952e-04	1346.56	673.28	2019.84	269.31
3.1000	3.2000	1	4	4	3	827	1208843	806	1178190	2.081020e-03	1.040510e-03	6.243059e-03	6.243059e-04	1469.03	734.52	2203.55	293.81
3.1000	3.2000	2	5	1	3	345	504095	339	495967	1.628133e-03	8.140665e-04	4.884399e-03	4.884399e-04	1540.01	770.00	2310.01	308.00
3.1000	3.2000	3	6	2	3	176	257423	168	246099	1.401356e-03	7.006779e-04	4.204068e-03	4.204068e-04	1319.13	659.56	1978.69	263.83
3.1000	3.2000	1	7	3	3	221	323049	210	306918	1.569023e-03	7.845113e-04	4.707068e-03	4.707068e-04	1502.77	751.38	2254.15	300.55
3.1000	3.2000	2	8	4	3	1145	1671902	1132	1653542	2.344179e-03	1.172090e-03	7.032538e-03	7.032538e-04	1430.22	715.11	2145.33	286.04
3.1000	3.2000	3	9	1	3	413	603692	408	596068	2.421668e-03	1.210834e-03	7.265004e-03	7.265004e-04	1330.89	665.45	1996.34	266.18
3.1000	3.2000	1	10	2	3	960	1402080	958	1399469	4.704647e-04	2.352323e-04	1.411394e-03	1.411394e-04	1420.78	710.39	2131.17	284.16
3.2000	3.3000	1	1	1	3	625	913650	612	894385	8.201173e-04	4.100586e-04	2.460352e-03	2.460352e-04	1550.85	775.42	2326.27	310.17
3.2000	3.3000	2	2	2	3	1179	1722139	1174	1715033	1.523472e-03	7.617360e-04	4.570416e-03	4.570416e-04	1451.24	725.62	2176.85	290.25
3.2000	3.3000	2	3	3	3	442	646717	423	618723	4.793877e-03	2.396939e-03	1.438163e-02	1.438163e-03	1468.66	734.33	2202.99	293.73
3.2000	3.3000	1	4	4	3	829	1211200	821	1199509	2.352358e-03	1.176179e-03	7.057074e-03	7.057074e-04	1473.60	736.80	2210.40	294.72
3.2000	3.3000	2	5	1	3	320	467680	305	445464	4.233883e-03	2.116942e-03	1.270165e-02	1.270165e-03	1600.51	800.25	2400.76	320.10
3.2000	3.3000	3	6	2	3	148	217197	144	211082	3.008449e-03	1.504224e-03	9.025346e-03	9.025346e-04	1335.34	667.67	2003.01	267.07
3.2000	3.3000	1	7	3	3	240	351719	237	347451	8.921900e-04	4.460950e-04	2.676570e-03	2.676570e-04	1453.25	726.63	2179.88	290.65
3.2000	3.3000	2	8	4	3	1081	1578269	1057	1543948	3.880972e-03	1.940486e-03	1.164292e-02	1.164292e-03	1459.68	729.84	2189.52	291.94
3.2000	3.3000	3	9	1	3	369	539225	356	520936	4.255406e-03	2.127703e-03	1.276622e-02	1.276622e-03	1526.83	763.41	2290.24	305.37
3.2000	3.3000	1	10	2	3	1060	1547663	1013	1479449	1.515536e-03	7.577681e-04	4.546609e-03	4.546609e-04	1430.17	715.08	2145.25	286.03
3.3000	3.4000	1	1	1	3	569	830749	551	805513	3.795898e-03	1.897949e-03	1.138770e-02	1.138770e-03	1582.18	791.09	2373.27	316.44
3.3000	3.4000	2	2	2	3	1187	1733468	1161	1695684	1.857034e-03	9.285172e-04	5.571103e-03	5.571103e-04	1505.74	752.87	2258.60	301.15
3.3000	3.4000	2	3	3	3	440	643481	423	618412	2.907568e-04	1.453784e-04	8.722705e-04	8.722705e-05	1324.52	662.26	1986.78	264.90
3.3000	3.4000	1	4	4	3	841	1229294	818	1194665	2.942435e-03	1.471218e-03	8.827306e-03	8.827306e-04	1464.88	732.44	2197.31	292.98
3.3000	3.4000	2	5	1	3	341	498768	337	493290	2.434045e-03	1.217023e-03	7.302135e-03	7.302135e-04	1459.28	729.64	2188.92	291.86
3.3000	3.4000	3	6	2	3	160	234883	154	225570	4.486756e-04	2.243378e-04	1.346027e-03	1.346027e-04	1334.15	667.08	2001.23	266.83
3.3000	3.4000	1	7	3	3	241	351906	232	340155	3.498728e-03	1.749364e-03	1.049619e-02	1.049619e-03	1539.17	769.58	2308.75	307.83
3.3000	3.4000	2	8	4	3	1034	1510132	1004	1466732	2.840983e-04	1.420492e-04	8.522950e-04	8.522950e-05	1351.34	675.67	2027.01	270.27
3.3000	3.4000	3	9	1	3	362	529503	362	528790	1.208014e-03	6.040071e-04	3.624042e-03	3.624042e-04	1402.83	701.41	2104.24	280.57
3.3000	3.4000	1	10	2	3	991	1448195	979	1429505	4.257284e-03	2.128642e-03	1.277185e-02	1.277185e-03	1437.41	718.70	2156.11	287.48
3.4000	3.5000	1	1	1	3	574	838690	556	812310	4.519507e-03	2.259753e-03	1.355852e-02	1.355852e-03	1549.55	774.78	2324.33	309.91
3.4000	3.5000	2	2	2	3	1336	1950969	1274	1861073	2.768035e-03	1.384018e-03	8.304105e-03	8.304105e-04	1521.12	760.56	2281.68	304.22
3.4000	3.5000	2	3	3	3	436	636959	420	614555	3.600678e-03	1.800339e-03	1.080204e-02	1.080204e-03	1535.63	767.81	2303.44	307.13
3.4000	3.5000	1	4	4	3	862	1259915	855	1249048	3.516326e-03	1.758163e-03	1.054898e-02	1.054898e-03	1522.58	761.29	2283.88	304.52
3.4000	3.5000	2	5	1	3	356	520295	343	501410	4.054647e-03	2.027324e-03	1.216394e-02	1.216394e-03	1371.01	685.51	2056.52	274.20
3.4000	3.5000	3	6	2	3	151	220513	148	217503	2.854157e-03	1.427078e-03	8.562470e-03	8.562470e-04	1590.55	795.28	2385.83	318.11
3.4000	3.5000	1	7	3	3	244	356362	236	345392	2.234477e-04	1.117239e-04	6.703432e-04	6.703432e-05	1558.99	779.49	2338.48	311.80
3.4000	3.5000	2	8	4	3	1049	1531739	1033	1509135	4.103928e-03	2.051964e-03	1.231178e-02	1.231178e-03	1473.56	736.78	2210.34	294.71
3.4000	3.5000	3	9	1	3	372	544123	357	521793	4.020017e-03	2.010009e-03	1.206005e-02	1.206005e-03	1475.39	737.70	2213.09	295.08
3.4000	3.5000	1	10	2	3	936	1367084	903	1318555	4.369929e-03	2.184964e-03	1.310979e-02	1.310979e-03	1510.43	755.21	2265.64	302.09
3.5000	3.6000	1	1	1	3	623	910658	620	906381	1.595682e-04	7.978409e-05	4.787045e-04	4.787045e-05	1510.81	755.41	2266.22	302.16
3.5000	3.6000	2	2	2	3	1166	1702529	1144	1670290	1.736845e-03	8.684224e-04	5.210534e-03	5.210534e-04	1527.95	763.97	2291.92	305.59
3.5000	3.6000	2	3	3	3	397	580940	391	571803	1.729035e-03	8.645176e-04	5.187106e-03	5.187106e-04	1330.52	665.26	1995.78	266.10
3.5000	3.6000	1	4	4	3	884	1291138	848	1239427	2.149836e-03	1.074918e-03	6.449508e-03	6.449508e-04	1533.27	766.64	2299.91	306.65
3.5000	3.6000	2	5	1	3	350	512185	334	488304	2.641635e-03	1.320817e-03	7.924905e-03	7.924905e-04	1366.37	683.19	2049.56	273.27
3.5000	3.6000	3	6	2	3	149	218082	145	211787	1.797968e-03	8.989842e-04	5.393905e-03	5.393905e-04	1430.10	715.05	2145.15	286.02
3.5000	3.6000	1	7	3	3	225	328512	221	322874	4.845833e-03	2.422916e-03	1.453750e-02	1.453750e-03	1490.26	745.13	2235.39	298.05
3.5000	3.6000	2	8	4	3	1104	1612229	1082	1579907	3.155879e-03	1.577940e-03	9.467637e-03	9.467637e-04	1503.36	751.68	2255.05	300.67
3.5000	3.6000	3	9	1	3	362	529377	357	521611	3.089036e-03	1.544518e-03	9.267109e-03	9.267109e-04	1405.37	702.68	2108.05	281.07
3.5000	3.6000	1	10	2	3	985	1439238	946	1381857	2.979171e-03	1.489585e-03	8.937512e-03	8.937512e-04	1518.73	759.37	2278.10	303.75
3.6000	3.7000	1	1	1	3	543	792895	528	771100	4.792147e-03	2.396073e-03	1.437644e-02	1.437644e-03	1430.52	715.26	2145.78	286.10
3.6000	3.7000	2	2	2	3	1227	1792797	1172	1711460	3.767083e-03	1.883542e-03	1.130125e-02	1.130125e-03	1581.05	790.52	2371.57	316.21
3.6000	3.7000	2	3	3	3	434	634484	426	622989	1.285908e-03	6.429541e-04	3.857725e-03	3.857725e-04	1522.50	761.25	2283.76	304.50
3.6000	3.7000	1	4	4	3	804	1174899	775	1132062	1.313043e-03	6.565214e-04	3.939129e-03	3.939129e-04	1332.26	666.13	1998.39	266.45
3.6000	3.7000	2	5	1	3	334	488926	334	487740	4.208610e-03	2.104305e-03	1.262583e-02	1.262583e-03	1549.09	774.54	2323.63	309.82
3.6000	3.7000	3	6	2	3	143	208992	141	206305	3.715795e-03	1.857898e-03	1.114739e-02	1.114739e-03	1466.26	733.13	2199.39	293.25
3.6000	3.7000	1	7	3	3	248	362861	239	349595	1.905400e-03	9.526999e-04	5.716199e-03	5.716199e-04	1575.44	787.72	2363.16	315.09
3.6000	3.7000	2	8	4	3	1059	1546596	1043	1523819	2.195247e-03	1.097623e-03	6.585740e-03	6.585740e-04	1443.22	721.61	2164.83	288.64
3.6000	3.7000	3	9	1	3	331	483580	322	470134	2.073753e-04	1.036877e-04	6.221259e-04	6.221259e-05	1401.91	700.95	2102.86	280.38
3.6000	3.7000	1	10	2	3	935	1366084	919	1342530	1.375159e-03	6.875797e-04	4.125478e-03	4.125478e-04	1360.57	680.29	2040.86	272.11
3.7000	3.8000	1	1	1	3	611	892559	605	884263	3.457158e-03	1.728579e-03	1.037147e-02	1.037147e-03	1346.25	673.12	2019.37	269.25
3.7000	3.8000	2	2	2	3	1410	2059578	1365	1993350	1.833567e-03	9.167834e-04	5.500701e-03	5.500701e-04	1555.94	777.97	2333.91	311.19
3.7000	3.8000	2	3	3	3	392	573031	379	554534	2.577607e-03	1.288804e-03	7.732822e-03	7.732822e-04	1588.81	794.40	2383.21	317.76
3.7000	3.8000	1	4	4	3	844	1233532	810	1183812	4.308202e-03	2.154101e-03	1.292461e-02	1.292461e-03	1511.67	755.83	2267.50	302.33
3.7000	3.8000	2	5	1	3	380	555306	364	531993	3.400863e-03	1.700431e-03	1.020259e-02	1.020259e-03	1366.34	683.17	2049.51	273.27
3.7000	3.8000	3	6	2	3	144	211535	141	206404	8.906777e-04	4.453389e-04	2.672033e-03	2.672033e-04	1338.40	669.20	2007.60	267.68
3.7000	3.8000	1	7	3	3	227	332167	217	317308	1.189570e-03	5.947852e-04	3.568711e-03	3.568711e-04	1465.61	732.81	2198.42	293.12
3.7000	3.8000	2	8	4	3	1057	1543363	1015	1483137	4.803328e-03	2.401664e-03	1.440998e-02	1.440998e-03	1493.96	746.98	2240.94	298.79
3.7000	3.8000	3	9	1	3	368	537425	362	529421	9.413001e-04	4.706501e-04	2.823900e-03	2.823900e-04	1460.03	730.02	2190.05	292.01
3.7000	3.8000	1	10	2	3	910	1329613	892	1303395	6.742991e-04	3.371496e-04	2.022897e-03	2.022897e-04	1412.46	706.23	2118.70	282.49
3.8000	3.9000	1	1	1	3	613	895482	588	859855	2.588245e-03	1.294122e-03	7.764734e-03	7.764734e-04	1436.43	718.21	2154.64	287.29
3.8000	3.9000	2	2	2	3	1390	2030115	1364	1992398	3.474295e-03	1.737147e-03	1.042288e-02	1.042288e-03	1387.96	693.98	2081.93	277.59
3.8000	3.9000	2	3	3	3	402	587376	399	582774	2.476964e-03	1.238482e-03	7.430892e-03	7.430892e-04	1411.42	705.71	2117.13	282.28
3.8000	3.9000	1	4	4	3	804	1173904	779	1137972	4.037335e-03	2.018667e-03	1.211200e-02	1.211200e-03	1577.32	788.66	2365.98	315.46
3.8000	3.9000	2	5	1	3	359	524890	358	524051	4.261672e-04	2.130836e-04	1.278502e-03	1.278502e-04	1503.31	751.65	2254.96	300.66
3.8000	3.9000	3	6	2	3	125	182769	120	175642	1.817551e-03	9.087753e-04	5.452652e-03	5.452652e-04	1422.78	711.39	2134.17	284.56
3.8000	3.9000	1	7	3	3	246	359832	242	354592	1.409820e-04	7.049102e-05	4.229461e-04	4.229461e-05	1377.56	688.78	2066.34	275.51
3.8000	3.9000	2	8	4	3	1169	1707162	1142	1668615	4.256703e-04	2.128351e-04	1.277011e-03	1.277011e-04	1537.82	768.91	2306.73	307.56
3.8000	3.9000	3	9	1	3	338	493510	323	472297	3.388672e-03	1.694336e-03	1.016601e-02	1.016601e-03	1495.18	747.59	2242.77	299.04
3.8000	3.9000	1	10	2	3	973	1421387	969	1414864	3.817705e-03	1.908853e-03	1.145312e-02	1.145312e-03	1488.37	744.18	2232.55	297.67
3.9000	4.0000	1	1	1	3	557	814300	543	792880	3.610346e-03	1.805173e-03	1.083104e-02	1.083104e-03	1393.12	696.56	2089.67	278.62
3.9000	4.0000	2	2	2	3	1206	1761659	1201	1753541	2.584592e-03	1.292296e-03	7.753777e-03	7.753777e-04	1368.87	684.44	2053.31	273.77
3.9000	4.0000	2	3	3	3	409	598346	405	592250	1.432536e-03	7.162678e-04	4.297607e-03	4.297607e-04	1516.17	758.08	2274.25	303.23
3.9000	4.0000	1	4	4	3	788	1150943	756	1104383	3.503741e-03	1.751870e-03	1.051122e-02	1.051122e-03	1377.86	688.93	2066.80	275.57
3.9000	4.0000	2	5	1	3	354	517435	350	511247	1.019840e-03	5.099199e-04	3.059519e-03	3.059519e-04	1339.81	669.90	2009.71	267.96
3.9000	4.0000	3	6	2	3	142	207639	135	197661	3.367552e-03	1.683776e-03	1.010266e-02	1.010266e-03	1408.32	704.16	2112.49	281.66
3.9000	4.0000	1	7	3	3	239	350155	230	337006	2.925842e-03	1.462921e-03	8.777525e-03	8.777525e-04	1333.64	666.82	2000.46	266.73
3.9000	4.0000	2	8	4	3	1178	1720256	1169	1708044	4.988379e-03	2.494189e-03	1.496514e-02	1.496514e-03	1384.52	692.26	2076.78	276.90
3.9000	4.0000	3	9	1	3	339	496266	336	490899	2.874285e-03	1.437143e-03	8.622856e-03	8.622856e-04	1405.33	702.67	2108.00	281.07
3.9000	4.0000	1	10	2	3	989	1444182	977	1427018	2.907963e-04	1.453981e-04	8.723888e-04	8.723888e-05	1558.44	779.22	2337.66	311.69
4.0000	4.1000	1	1	1	3	595	869330	582	851115	4.954328e-03	2.477164e-03	1.486298e-02	1.486298e-03	1534.97	767.48	2302.45	306.99
4.0000	4.1000	2	2	2	3	1260	1839771	1255	1833164	4.652784e-03	2.326392e-03	1.395835e-02	1.395835e-03	1413.84	706.92	2120.75	282.77
4.0000	4.1000	2	3	3	3	421	615601	413	603078	3.614052e-04	1.807026e-04	1.084216e-03	1.084216e-04	1446.79	723.40	2170.19	289.36
4.0000	4.1000	1	4	4	3	919	1342814	905	1322479	3.278331e-03	1.639165e-03	9.834993e-03	9.834993e-04	1394.38	697.19	2091.58	278.88
4.0000	4.1000	2	5	1	3	354	517701	344	503598	3.372027e-03	1.686013e-03	1.011608e-02	1.011608e-03	1558.51	779.26	2337.77	311.70
4.0000	4.1000	3	6	2	3	154	225013	152	223192	4.033774e-03	2.016887e-03	1.210132e-02	1.210132e-03	1594.59	797.29	2391.88	318.92
4.0000	4.1000	1	7	3	3	238	348541	230	335941	4.614407e-03	2.307203e-03	1.384322e-02	1.384322e-03	1484.29	742.15	2226.44	296.86
4.0000	4.1000	2	8	4	3	1131	1651407	1079	1575819	3.073550e-03	1.536775e-03	9.220650e-03	9.220650e-04	1571.24	785.62	2356.87	314.25
4.0000	4.1000	3	9	1	3	359	524751	346	506031	4.032938e-03	2.016469e-03	1.209881e-02	1.209881e-03	1605.19	802.60	2407.79	321.04
4.0000	4.1000	1	10	2	3	957	1398264	950	1387594	4.057309e-04	2.028655e-04	1.217193e-03	1.217193e-04	1411.90	705.95	2117.85	282.38
4.1000	4.2000	1	1	1	3	582	849789	555	810317	1.132886e-03	5.664431e-04	3.398659e-03	3.398659e-04	1380.97	690.49	2071.46	276.19
4.1000	4.2000	2	2	2	3	1213	1771919	1212	1769533	3.820533e-03	1.910267e-03	1.146160e-02	1.146160e-03	1596.59	798.29	2394.88	319.32
4.1000	4.2000	2	3	3	3	397	579783	381	557534	7.354270e-04	3.677135e-04	2.206281e-03	2.206281e-04	1388.89	694.44	2083.33	277.78
4.1000	4.2000	1	4	4	3	862	1259200	825	1205490	1.778961e-03	8.894806e-04	5.336884e-03	5.336884e-04	1566.48	783.24	2349.72	313.30
4.1000	4.2000	2	5	1	3	354	517959	351	512877	7.720276e-04	3.860138e-04	2.316083e-03	2.316083e-04	1483.56	741.78	2225.35	296.71
4.1000	4.2000	3	6	2	3	147	214742	140	204888	2.351962e-03	1.175981e-03	7.055886e-03	7.055886e-04	1403.49	701.74	2105.23	280.70
4.1000	4.2000	1	7	3	3	256	374327	250	366359	3.369340e-03	1.684670e-03	1.010802e-02	1.010802e-03	1540.90	770.45	2311.35	308.18
4.1000	4.2000	2	8	4	3	1119	1634423	1074	1568651	2.498023e-03	1.249012e-03	7.494070e-03	7.494070e-04	1530.56	765.28	2295.84	306.11
4.1000	4.2000	3	9	1	3	377	550763	366	534427	1.708342e-03	8.541711e-04	5.125027e-03	5.125027e-04	1446.57	723.28	2169.85	289.31
4.1000	4.2000	1	10	2	3	1050	1533966	1023	1494821	3.259252e-03	1.629626e-03	9.777755e-03	9.777755e-04	1381.11	690.55	2071.66	276.22
4.2000	4.3000	1	1	1	3	594	867934	570	832577	1.465351e-03	7.326755e-04	4.396053e-03	4.396053e-04	1377.86	688.93	2066.79	275.57
4.2000	4.3000	2	2	2	3	1161	1695754	1125	1642723	4.008888e-03	2.004444e-03	1.202666e-02	1.202666e-03	1421.28	710.64	2131.92	284.26
4.2000	4.3000	2	3	3	3	428	625943	421	615701	1.180471e-03	5.902354e-04	3.541413e-03	3.541413e-04	1377.72	688.86	2066.57	275.54
4.2000	4.3000	1	4	4	3	859	1255519	849	1239841	8.450380e-04	4.225190e-04	2.535114e-03	2.535114e-04	1447.83	723.92	2171.75	289.57
4.2000	4.3000	2	5	1	3	328	479952	316	461669	4.551329e-03	2.275665e-03	1.365399e-02	1.365399e-03	1450.68	725.34	2176.01	290.14
4.2000	4.3000	3	6	2	3	132	194013	130	190102	4.997833e-03	2.498916e-03	1.499350e-02	1.499350e-03	1538.68	769.34	2308.02	307.74
4.2000	4.3000	1	7	3	3	237	346818	232	340143	4.561968e-03	2.280984e-03	1.368590e-02	1.368590e-03	1462.88	731.44	2194.32	292.58
4.2000	4.3000	2	8	4	3	1016	1484811	1008	1472871	8.873300e-04	4.436650e-04	2.661990e-03	2.661990e-04	1321.29	660.65	1981.94	264.26
4.2000	4.3000	3	9	1	3	364	532404	357	521977	1.477144e-03	7.385719e-04	4.431431e-03	4.431431e-04	1364.66	682.33	2046.99	272.93
4.2000	4.3000	1	10	2	3	933	1363127	923	1347639	1.260973e-03	6.304866e-04	3.782920e-03	3.782920e-04	1511.80	755.90	2267.70	302.36
4.3000	4.4000	1	1	1	3	590	862837	584	853140	1.248685e-03	6.243427e-04	3.746056e-03	3.746056e-04	1414.76	707.38	2122.15	282.95
4.3000	4.4000	2	2	2	3	1222	1784479	1198	1749812	3.424650e-03	1.712325e-03	1.027395e-02	1.027395e-03	1406.72	703.36	2110.09	281.34
4.3000	4.4000	2	3	3	3	441	644891	425	621727	4.820466e-03	2.410233e-03	1.446140e-02	1.446140e-03	1317.00	658.50	1975.50	263.40
4.3000	4.4000	1	4	4	3	812	1185892	789	1152852	1.379138e-03	6.895689e-04	4.137413e-03	4.137413e-04	1414.27	707.13	2121.40	282.85
4.3000	4.4000	2	5	1	3	355	519655	339	495278	5.525666e-04	2.762833e-04	1.657700e-03	1.657700e-04	1361.53	680.77	2042.30	272.31
4.3000	4.4000	3	6	2	3	162	237065	156	228135	2.407705e-03	1.203853e-03	7.223116e-03	7.223116e-04	1507.28	753.64	2260.92	301.46
4.3000	4.4000	1	7	3	3	224	328046	217	318244	4.434476e-03	2.217238e-03	1.330343e-02	1.330343e-03	1575.50	787.75	2363.26	315.10
4.3000	4.4000	2	8	4	3	1088	1589203	1044	1524413	1.776327e-03	8.881637e-04	5.328982e-03	5.328982e-04	1439.55	719.77	2159.32	287.91
4.3000	4.4000	3	9	1	3	358	522826	349	509567	1.569716e-03	7.848581e-04	4.709148e-03	4.709148e-04	1488.06	744.03	2232.08	297.61
4.3000	4.4000	1	10	2	3	1003	1464441	970	1416404	3.691701e-03	1.845850e-03	1.107510e-02	1.107510e-03	1506.33	753.16	2259.49	301.27
4.4000	4.5000	1	1	1	3	609	890074	591	863350	1.701294e-03	8.506470e-04	5.103882e-03	5.103882e-04	1317.16	658.58	1975.74	263.43
4.4000	4.5000	2	2	2	3	1159	1693480	1108	1618857	4.904784e-03	2.452392e-03	1.471435e-02	1.471435e-03	1376.69	688.35	2065.04	275.34
4.4000	4.5000	2	3	3	3	489	714588	477	697877	6.059985e-04	3.029993e-04	1.817996e-03	1.817996e-04	1364.38	682.19	2046.57	272.88
4.4000	4.5000	1	4	4	3	757	1106174	721	1053650	3.585498e-04	1.792749e-04	1.075649e-03	1.075649e-04	1516.07	758.03	2274.10	303.21
4.4000	4.5000	2	5	1	3	353	515766	341	499241	4.135406e-03	2.067703e-03	1.240622e-02	1.240622e-03	1553.64	776.82	2330.46	310.73
4.4000	4.5000	3	6	2	3	165	241777	159	232215	5.149729e-04	2.574864e-04	1.544919e-03	1.544919e-04	1450.27	725.14	2175.41	290.05
4.4000	4.5000	1	7	3	3	250	365053	247	361833	1.984594e-03	9.922971e-04	5.953783e-03	5.953783e-04	1448.06	724.03	2172.10	289.61
4.4000	4.5000	2	8	4	3	1146	1673317	1119	1634125	2.600294e-04	1.300147e-04	7.800882e-04	7.800882e-05	1452.87	726.44	2179.31	290.57
4.4000	4.5000	3	9	1	3	416	608614	410	599933	4.354072e-04	2.177036e-04	1.306222e-03	1.306222e-04	1435.96	717.98	2153.94	287.19
4.4000	4.5000	1	10	2	3	931	1359542	901	1315674	2.798251e-03	1.399125e-03	8.394752e-03	8.394752e-04	1431.74	715.87	2147.60	286.35
4.5000	4.6000	1	1	1	3	547	799739	523	763985	1.838999e-03	9.194993e-04	5.516996e-03	5.516996e-04	1434.65	717.32	2151.97	286.93
4.5000	4.6000	2	2	2	3	1155	1687023	1106	1615899	4.153781e-03	2.076890e-03	1.246134e-02	1.246134e-03	1326.24	663.12	1989.36	265.25
4.5000	4.6000	2	3	3	3	477	696728	465	679394	3.684283e-03	1.842142e-03	1.105285e-02	1.105285e-03	1593.77	796.89	2390.66	318.75
4.5000	4.6000	1	4	4	3	846	1236592	831	1213703	2.075732e-03	1.037866e-03	6.227196e-03	6.227196e-04	1533.70	766.85	2300.55	306.74
4.5000	4.6000	2	5	1	3	358	523046	342	500723	4.181356e-03	2.090678e-03	1.254407e-02	1.254407e-03	1471.77	735.88	2207.65	294.35
4.5000	4.6000	3	6	2	3	178	261210	177	259175	2.471701e-03	1.235850e-03	7.415102e-03	7.415102e-04	1464.12	732.06	2196.17	292.82
4.5000	4.6000	1	7	3	3	234	342759	231	338103	1.794450e-03	8.972249e-04	5.383350e-03	5.383350e-04	1509.96	754.98	2264.94	301.99
4.5000	4.6000	2	8	4	3	1095	1598951	1094	1598178	2.262710e-04	1.131355e-04	6.788131e-04	6.788131e-05	1490.23	745.12	2235.35	298.05
4.5000	4.6000	3	9	1	3	411	600899	397	580084	2.777647e-03	1.388823e-03	8.332941e-03	8.332941e-04	1435.82	717.91	2153.73	287.16
4.5000	4.6000	1	10	2	3	977	1427858	933	1362471	2.026209e-03	1.013105e-03	6.078627e-03	6.078627e-04	1343.27	671.64	2014.91	268.65
4.6000	4.7000	1	1	1	3	573	837867	545	796966	4.191241e-03	2.095621e-03	1.257372e-02	1.257372e-03	1598.61	799.30	2397.91	319.72
4.6000	4.7000	2	2	2	3	1220	1782400	1162	1697791	2.930200e-04	1.465100e-04	8.790600e-04	8.790600e-05	1481.59	740.80	2222.39	296.32
4.6000	4.7000	2	3	3	3	545	796031	534	779646	2.048654e-03	1.024327e-03	6.145961e-03	6.145961e-04	1598.35	799.17	2397.52	319.67
4.6000	4.7000	1	4	4	3	857	1251768	830	1212632	2.794356e-03	1.397178e-03	8.383068e-03	8.383068e-04	1328.77	664.38	1993.15	265.75
4.6000	4.7000	2	5	1	3	332	485714	329	481277	4.658952e-03	2.329476e-03	1.397686e-02	1.397686e-03	1341.85	670.92	2012.77	268.37
4.6000	4.7000	3	6	2	3	163	239025	158	231070	2.033404e-03	1.016702e-03	6.100213e-03	6.100213e-04	1468.74	734.37	2203.11	293.75
4.6000	4.7000	1	7	3	3	228	333942	218	319736	1.414054e-03	7.070272e-04	4.242163e-03	4.242163e-04	1419.43	709.72	2129.15	283.89
4.6000	4.7000	2	8	4	3	1129	1649528	1112	1624551	1.047833e-03	5.239166e-04	3.143500e-03	3.143500e-04	1501.32	750.66	2251.98	300.26
4.6000	4.7000	3	9	1	3	443	647313	430	628259	1.278605e-03	6.393024e-04	3.835814e-03	3.835814e-04	1510.34	755.17	2265.50	302.07
4.6000	4.7000	1	10	2	3	906	1323326	894	1305987	1.866325e-03	9.331625e-04	5.598975e-03	5.598975e-04	1510.01	755.01	2265.02	302.00
4.7000	4.8000	1	1	1	3	614	896963	610	890957	1.518254e-03	7.591268e-04	4.554761e-03	4.554761e-04	1450.56	725.28	2175.84	290.11
4.7000	4.8000	2	2	2	3	1273	1858873	1263	1844984	1.087489e-03	5.437445e-04	3.262467e-03	3.262467e-04	1586.85	793.43	2380.28	317.37
4.7000	4.8000	2	3	3	3	553	808259	547	798776	1.339829e-03	6.699145e-04	4.019487e-03	4.019487e-04	1566.74	783.37	2350.12	313.35
4.7000	4.8000	1	4	4	3	875	1277871	845	1234700	3.414770e-03	1.707385e-03	1.024431e-02	1.024431e-03	1487.52	743.76	2231.28	297.50
4.7000	4.8000	2	5	1	3	316	461822	312	456478	1.208735e-03	6.043675e-04	3.626205e-03	3.626205e-04	1516.17	758.08	2274.25	303.23
4.7000	4.8000	3	6	2	3	206	301050	204	298783	3.204844e-04	1.602422e-04	9.614533e-04	9.614533e-05	1528.37	764.19	2292.56	305.67
4.7000	4.8000	1	7	3	3	230	337189	219	320560	4.998337e-04	2.499169e-04	1.499501e-03	1.499501e-04	1389.51	694.75	2084.26	277.90
4.7000	4.8000	2	8	4	3	1062	1551416	1025	1496800	3.352740e-03	1.676370e-03	1.005822e-02	1.005822e-03	1595.87	797.93	2393.80	319.17
4.7000	4.8000	3	9	1	3	495	723734	472	690058	5.403966e-04	2.701983e-04	1.621190e-03	1.621190e-04	1489.47	744.73	2234.20	297.89
4.7000	4.8000	1	10	2	3	980	1431523	945	1380943	2.674805e-03	1.337402e-03	8.024414e-03	8.024414e-04	1517.77	758.88	2276.65	303.55
4.8000	4.9000	1	1	1	3	598	874410	577	843623	1.054493e-04	5.272463e-05	3.163478e-04	3.163478e-05	1393.41	696.71	2090.12	278.68
4.8000	4.9000	2	2	2	3	1214	1773541	1198	1749489	1.685299e-03	8.426495e-04	5.055897e-03	5.055897e-04	1508.20	754.10	2262.29	301.64
4.8000	4.9000	2	3	3	3	623	910665	595	869841	2.069933e-03	1.034967e-03	6.209800e-03	6.209800e-04	1526.85	763.43	2290.28	305.37
4.8000	4.9000	1	4	4	3	799	1166798	769	1123304	1.631976e-04	8.159880e-05	4.895928e-04	4.895928e-05	1471.77	735.88	2207.65	294.35
4.8000	4.9000	2	5	1	3	330	481835	322	470966	1.961897e-03	9.809487e-04	5.885692e-03	5.885692e-04	1491.28	745.64	2236.93	298.26
4.8000	4.9000	3	6	2	3	208	304996	200	292443	4.937947e-03	2.468974e-03	1.481384e-02	1.481384e-03	1443.68	721.84	2165.52	288.74
4.8000	4.9000	1	7	3	3	250	366374	242	354044	1.598145e-03	7.990727e-04	4.794436e-03	4.794436e-04	1431.59	715.79	2147.38	286.32
4.8000	4.9000	2	8	4	3	1154	1685594	1104	1612129	2.934613e-03	1.467307e-03	8.803840e-03	8.803840e-04	1516.48	758.24	2274.72	303.30
4.8000	4.9000	3	9	1	3	571	834802	560	818906	1.014536e-03	5.072679e-04	3.043607e-03	3.043607e-04	1321.50	660.75	1982.25	264.30
4.8000	4.9000	1	10	2	3	941	1375304	900	1315172	4.821052e-03	2.410526e-03	1.446316e-02	1.446316e-03	1345.55	672.77	2018.32	269.11
4.9000	5.0000	1	1	1	3	593	867047	580	847293	1.245330e-03	6.226649e-04	3.735990e-03	3.735990e-04	1500.23	750.12	2250.35	300.05
4.9000	5.0000	2	2	2	3	1162	1696893	1122	1638161	3.106826e-03	1.553413e-03	9.320477e-03	9.320477e-04	1576.20	788.10	2364.30	315.24
4.9000	5.0000	2	3	3	3	698	1020245	680	993013	1.030687e-03	5.153435e-04	3.092061e-03	3.092061e-04	1518.91	759.45	2278.36	303.78
4.9000	5.0000	1	4	4	3	794	1160066	781	1141253	2.040092e-03	1.020046e-03	6.120277e-03	6.120277e-04	1534.83	767.41	2302.24	306.97
4.9000	5.0000	2	5	1	3	335	490453	328	480264	4.849677e-03	2.424838e-03	1.454903e-02	1.454903e-03	1424.33	712.16	2136.49	284.87
4.9000	5.0000	3	6	2	3	233	341152	233	341113	2.313523e-03	1.156762e-03	6.940570e-03	6.940570e-04	1417.58	708.79	2126.37	283.52
4.9000	5.0000	1	7	3	3	214	313496	211	308161	2.265964e-03	1.132982e-03	6.797891e-03	6.797891e-04	1503.28	751.64	2254.93	300.66
4.9000	5.0000	2	8	4	3	1158	1690726	1108	1618991	2.439339e-03	1.219670e-03	7.318018e-03	7.318018e-04	1489.73	744.86	2234.59	297.95
4.9000	5.0000	3	9	1	3	548	801270	525	767723	3.698392e-03	1.849196e-03	1.109518e-02	1.109518e-03	1374.98	687.49	2062.47	275.00
4.9000	5.0000	1	10	2	3	969	1415504	937	1369180	4.034758e-03	2.017379e-03	1.210427e-02	1.210427e-03	1471.76	735.88	2207.64	294.35