% start	end	CellId	IMSI	RNTI	LCID	nTxPDUs	TxBytes	nRxPDUs	RxBytes	DLdelay	DLdelayMin	DLdelayMax	DLdelayStdDev	PDUSize	PDUSizeMin	PDUSizeMax	PDUSizeStdDev
0.0000	0.1000	1	1	1	3	49	72629	49	71848	1.078402e-03	5.392008e-04	3.235205e-03	3.235205e-04	1464.16	732.08	2196.23	292.83
0.0000	0.1000	2	2	2	3	335	489535	334	488283	4.831597e-03	2.415798e-03	1.449479e-02	1.449479e-03	1550.05	775.03	2325.08	310.01
0.0000	0.1000	3	3	3	3	201	294329	196	286899	2.685038e-04	1.342519e-04	8.055113e-04	8.055113e-05	1579.52	789.76	2369.28	315.90
0.0000	0.1000	1	4	4	3	99	145912	95	139965	4.850965e-03	2.425482e-03	1.455289e-02	1.455289e-03	1540.34	770.17	2310.51	308.07
0.0000	0.1000	2	5	1	3	98	143265	94	138432	2.004519e-03	1.002259e-03	6.013556e-03	6.013556e-04	1393.23	696.62	2089.85	278.65
0.0000	0.1000	3	6	2	3	72	105198	71	104157	4.652982e-04	2.326491e-04	1.395894e-03	1.395894e-04	1602.17	801.09	2403.26	320.43
0.0000	0.1000	1	7	3	3	138	201588	136	198856	3.879225e-03	1.939612e-03	1.163767e-02	1.163767e-03	1335.62	667.81	2003.43	267.12
0.0000	0.1000	2	8	4	3	196	287565	187	274100	1.623813e-03	8.119067e-04	4.871440e-03	4.871440e-04	1408.95	704.48	2113.43	281.79
0.0000	0.1000	3	9	1	3	128	187970	126	185274	3.827847e-03	1.913923e-03	1.148354e-02	1.148354e-03	1477.89	738.95	2216.84	295.58
0.0000	0.1000	1	10	2	3	140	204770	133	195636	2.540030e-04	1.270015e-04	7.620090e-04	7.620090e-05	1499.83	749.92	2249.75	299.97
0.1000	0.2000	1	1	1	3	44	64399	43	63611	1.221111e-03	6.105555e-04	3.663333e-03	3.663333e-04	1336.48	668.24	2004.72	267.30
0.1000	0.2000	2	2	2	3	325	474621	322	471570	4.037993e-03	2.018997e-03	1.211398e-02	1.211398e-03	1368.48	684.24	2052.72	273.70
0.1000	0.2000	3	3	3	3	226	329972	215	315289	1.216882e-03	6.084411e-04	3.650647e-03	3.650647e-04	1438.72	719.36	2158.07	287.74
0.1000	0.2000	1	4	4	3	107	157426	103	151302	6.873403e-04	3.436701e-04	2.062021e-03	2.062021e-04	1412.58	706.29	2118.88	282.52
0.1000	0.2000	2	5	1	3	99	144918	99	144713	4.815992e-03	2.407996e-03	1.444798e-02	1.444798e-03	1387.52	693.76	2081.28	277.50
0.1000	0.2000	3	6	2	3	72	105145	70	102530	3.522459e-04	1.761229e-04	1.056738e-03	1.056738e-04	1395.36	697.68	2093.05	279.07
0.1000	0.2000	1	7	3	3	135	198555	130	191030	3.393464e-03	1.696732e-03	1.018039e-02	1.018039e-03	1536.39	768.20	2304.59	307.28
0.1000	0.2000	2	8	4	3	190	278800	186	272328	5.424199e-04	2.712099e-04	1.627260e-03	1.627260e-04	1557.91	778.95	2336.86	311.58
0.1000	0.2000	3	9	1	3	123	180236	117	171373	2.609256e-03	1.304628e-03	7.827768e-03	7.827768e-04	1380.14	690.07	2070.21	276.03
0.1000	0.2000	1	10	2	3	133	194409	127	186025	1.771225e-03	8.856126e-04	5.313675e-03	5.313675e-04	1347.13	673.57	2020.70	269.43
0.2000	0.3000	1	1	1	3	45	67105	44	64561	5.562036e-04	2.781018e-04	1.668611e-03	1.668611e-04	1575.99	787.99	2363.98	315.20
0.2000	0.3000	2	2	2	3	346	505866	344	503263	4.446723e-03	2.223362e-03	1.334017e-02	1.334017e-03	1541.72	770.86	2312.59	308.34
0.2000	0.3000	3	3	3	3	229	334358	217	317793	5.972106e-04	2.986053e-04	1.791632e-03	1.791632e-04	1507.74	753.87	2261.61	301.55
0.2000	0.3000	1	4	4	3	108	159080	104	153013	1.694459e-03	8.472293e-04	5.083376e-03	5.083376e-04	1531.98	765.99	2297.96	306.40
0.2000	0.3000	2	5	1	3	99	144980	96	140396	1.399492e-03	6.997458e-04	4.198475e-03	4.198475e-04	1385.24	692.62	2077.87	277.05
0.2000	0.3000	3	6	2	3	77	112452	75	109655	2.926829e-03	1.463415e-03	8.780487e-03	8.780487e-04	1457.82	728.91	2186.72	291.56
0.2000	0.3000	1	7	3	3	128	187222	122	179518	4.708247e-03	2.354124e-03	1.412474e-02	1.412474e-03	1592.55	796.27	2388.82	318.51
0.2000	0.3000	2	8	4	3	207	302508	206	302003	4.821738e-03	2.410869e-03	1.446521e-02	1.446521e-03	1563.08	781.54	2344.62	312.62
0.2000	0.3000	3	9	1	3	123	180040	120	176050	4.687158e-03	2.343579e-03	1.406148e-02	1.406148e-03	1517.24	758.62	2275.86	303.45
0.2000	0.3000	1	10	2	3	131	191372	127	186763	4.399128e-03	2.199564e-03	1.319738e-02	1.319738e-03	1530.30	765.15	2295.46	306.06
0.3000	0.4000	1	1	1	3	51	75273	51	74558	4.348654e-03	2.174327e-03	1.304596e-02	1.304596e-03	1580.67	790.33	2371.00	316.13
0.3000	0.4000	2	2	2	3	397	580617	393	574688	4.461026e-03	2.230513e-03	1.338308e-02	1.338308e-03	1412.69	706.35	2119.04	282.54
0.3000	0.4000	3	3	3	3	234	341713	228	333898	1.504052e-03	7.520261e-04	4.512156e-03	4.512156e-04	1486.52	743.26	2229.78	297.30
0.3000	0.4000	1	4	4	3	112	163859	107	157434	3.152163e-03	1.576082e-03	9.456490e-03	9.456490e-04	1338.92	669.46	2008.38	267.78
0.3000	0.4000	2	5	1	3	94	137420	94	137254	2.629872e-03	1.314936e-03	7.889615e-03	7.889615e-04	1408.30	704.15	2112.45	281.66
0.3000	0.4000	3	6	2	3	82	120611	82	120385	4.196303e-03	2.098151e-03	1.258891e-02	1.258891e-03	1517.22	758.61	2275.84	303.44
0.3000	0.4000	1	7	3	3	131	192334	129	189589	3.334967e-03	1.667484e-03	1.000490e-02	1.000490e-03	1395.74	697.87	2093.61	279.15
0.3000	0.4000	2	8	4	3	210	307159	207	303440	1.705281e-04	8.526405e-05	5.115843e-04	5.115843e-05	1347.89	673.95	2021.84	269.58
0.3000	0.4000	3	9	1	3	144	211699	141	206125	9.486892e-04	4.743446e-04	2.846067e-03	2.846067e-04	1440.68	720.34	2161.03	288.14
0.3000	0.4000	1	10	2	3	120	176332	118	173033	2.565368e-03	1.282684e-03	7.696103e-03	7.696103e-04	1564.10	782.05	2346.14	312.82
0.4000	0.5000	1	1	1	3	50	73157	49	71641	4.707128e-03	2.353564e-03	1.412138e-02	1.412138e-03	1482.04	741.02	2223.06	296.41
0.4000	0.5000	2	2	2	3	312	456704	303	442685	4.809834e-03	2.404917e-03	1.442950e-02	1.442950e-03	1578.36	789.18	2367.54	315.67
0.4000	0.5000	3	3	3	3	239	349134	227	332083	4.090896e-03	2.045448e-03	1.227269e-02	1.227269e-03	1396.30	698.15	2094.45	279.26
0.4000	0.5000	1	4	4	3	102	150014	101	148539	1.481969e-03	7.409847e-04	4.445908e-03	4.445908e-04	1365.81	682.91	2048.72	273.16
0.4000	0.5000	2	5	1	3	100	146383	99	144746	1.769937e-03	8.849687e-04	5.309812e-03	5.309812e-04	1585.78	792.89	2378.67	317.16
0.4000	0.5000	3	6	2	3	87	127169	86	126549	2.575737e-03	1.287868e-03	7.727210e-03	7.727210e-04	1555.33	777.66	2332.99	311.07
0.4000	0.5000	1	7	3	3	131	192571	125	183821	1.664637e-03	8.323184e-04	4.993910e-03	4.993910e-04	1591.42	795.71	2387.13	318.28
0.4000	0.5000	2	8	4	3	206	300772	199	290676	3.395340e-03	1.697670e-03	1.018602e-02	1.018602e-03	1533.69	766.85	2300.54	306.74
0.4000	0.5000	3	9	1	3	150	219050	146	214116	2.263499e-03	1.131750e-03	6.790498e-03	6.790498e-04	1573.21	786.60	2359.81	314.64
0.4000	0.5000	1	10	2	3	127	186860	122	178461	5.121233e-04	2.560617e-04	1.536370e-03	1.536370e-04	1518.68	759.34	2278.02	303.74
0.5000	0.6000	1	1	1	3	49	72335	47	70058	4.082718e-03	2.041359e-03	1.224815e-02	1.224815e-03	1590.60	795.30	2385.89	318.12
0.5000	0.6000	2	2	2	3	329	481639	328	479383	6.448677e-04	3.224338e-04	1.934603e-03	1.934603e-04	1457.85	728.92	2186.77	291.57
0.5000	0.6000	3	3	3	3	252	368529	247	362065	3.755620e-03	1.877810e-03	1.126686e-02	1.126686e-03	1484.34	742.17	2226.52	296.87
0.5000	0.6000	1	4	4	3	108	158519	108	158227	1.595569e-04	7.977846e-05	4.786708e-04	4.786708e-05	1597.20	798.60	2395.81	319.44
0.5000	0.6000	2	5	1	3	97	142137	95	138747	3.184053e-03	1.592027e-03	9.552160e-03	9.552160e-04	1517.16	758.58	2275.74	303.43
0.5000	0.6000	3	6	2	3	82	120288	79	115963	4.757016e-03	2.378508e-03	1.427105e-02	1.427105e-03	1573.96	786.98	2360.94	314.79
0.5000	0.6000	1	7	3	3	128	187700	124	181631	2.959915e-03	1.479957e-03	8.879745e-03	8.879745e-04	1336.70	668.35	2005.05	267.34
0.5000	0.6000	2	8	4	3	218	319480	209	306103	4.563543e-03	2.281772e-03	1.369063e-02	1.369063e-03	1554.18	777.09	2331.27	310.84
0.5000	0.6000	3	9	1	3	164	240557	156	228846	1.944670e-03	9.723352e-04	5.834011e-03	5.834011e-04	1550.68	775.34	2326.02	310.14
0.5000	0.6000	1	10	2	3	138	202768	135	197381	2.132616e-03	1.066308e-03	6.397847e-03	6.397847e-04	1393.83	696.92	2090.75	278.77
0.6000	0.7000	1	1	1	3	49	71673	47	68975	2.307666e-03	1.153833e-03	6.922999e-03	6.922999e-04	1351.71	675.86	2027.57	270.34
0.6000	0.7000	2	2	2	3	342	499357	331	483331	6.564322e-04	3.282161e-04	1.969297e-03	1.969297e-04	1510.10	755.05	2265.15	302.02
0.6000	0.7000	3	3	3	3	266	388547	260	380017	4.395603e-03	2.197801e-03	1.318681e-02	1.318681e-03	1431.82	715.91	2147.73	286.36
0.6000	0.7000	1	4	4	3	113	166032	108	157851	1.817879e-03	9.089395e-04	5.453637e-03	5.453637e-04	1486.26	743.13	2229.38	297.25
0.6000	0.7000	2	5	1	3	87	127564	86	126184	2.043060e-03	1.021530e-03	6.129179e-03	6.129179e-04	1495.65	747.82	2243.47	299.13
0.6000	0.7000	3	6	2	3	88	128872	85	124546	3.203664e-03	1.601832e-03	9.610993e-03	9.610993e-04	1384.12	692.06	2076.18	276.82
0.6000	0.7000	1	7	3	3	127	186413	124	181509	3.371033e-03	1.685516e-03	1.011310e-02	1.011310e-03	1364.32	682.16	2046.48	272.86
0.6000	0.7000	2	8	4	3	192	280501	186	272938	1.111035e-03	5.555176e-04	3.333106e-03	3.333106e-04	1420.37	710.18	2130.55	284.07
0.6000	0.7000	3	9	1	3	156	228078	149	217606	4.380535e-03	2.190268e-03	1.314161e-02	1.314161e-03	1582.89	791.45	2374.34	316.58
0.6000	0.7000	1	10	2	3	128	187814	123	180389	1.915313e-03	9.576567e-04	5.745940e-03	5.745940e-04	1455.48	727.74	2183.22	291.10
0.7000	0.8000	1	1	1	3	52	76392	50	73536	3.595413e-03	1.797706e-03	1.078624e-02	1.078624e-03	1575.40	787.70	2363.10	315.08
0.7000	0.8000	2	2	2	3	352	514088	338	494616	1.419292e-03	7.096459e-04	4.257875e-03	4.257875e-04	1424.17	712.08	2136.25	284.83
0.7000	0.8000	3	3	3	3	257	375831	253	369800	3.966939e-03	1.983470e-03	1.190082e-02	1.190082e-03	1459.55	729.77	2189.32	291.91
0.7000	0.8000	1	4	4	3	101	148706	97	142219	1.490502e-03	7.452510e-04	4.471506e-03	4.471506e-04	1420.02	710.01	2130.03	284.00
0.7000	0.8000	2	5	1	3	106	155609	102	149674	5.987341e-04	2.993671e-04	1.796202e-03	1.796202e-04	1358.63	679.32	2037.95	271.73
0.7000	0.8000	3	6	2	3	88	129675	88	129005	4.931454e-04	2.465727e-04	1.479436e-03	1.479436e-04	1467.16	733.58	2200.74	293.43
0.7000	0.8000	1	7	3	3	133	195114	132	193801	4.103653e-03	2.051827e-03	1.231096e-02	1.231096e-03	1389.31	694.65	2083.96	277.86
0.7000	0.8000	2	8	4	3	190	277804	183	267802	3.870515e-03	1.935258e-03	1.161155e-02	1.161155e-03	1368.62	684.31	2052.93	273.72
0.7000	0.8000	3	9	1	3	145	213031	143	208883	1.514290e-03	7.571449e-04	4.542869e-03	4.542869e-04	1483.72	741.86	2225.58	296.74
0.7000	0.8000	1	10	2	3	122	178413	116	170691	4.105374e-04	2.052687e-04	1.231612e-03	1.231612e-04	1603.07	801.53	2404.60	320.61
0.8000	0.9000	1	1	1	3	47	69443	46	68038	2.410723e-03	1.205362e-03	7.232170e-03	7.232170e-04	1434.26	717.13	2151.39	286.85
0.8000	0.9000	2	2	2	3	330	481893	325	475408	4.697868e-03	2.348934e-03	1.409360e-02	1.409360e-03	1366.92	683.46	2050.38	273.38
0.8000	0.9000	3	3	3	3	276	403600	273	399468	1.087974e-03	5.439869e-04	3.263922e-03	3.263922e-04	1361.79	680.89	2042.68	272.36
0.8000	0.9000	1	4	4	3	104	152127	103	151192	2.022981e-03	1.011491e-03	6.068943e-03	6.068943e-04	1552.45	776.22	2328.67	310.49
0.8000	0.9000	2	5	1	3	92	134888	90	131534	1.237842e-03	6.189211e-04	3.713527e-03	3.713527e-04	1576.68	788.34	2365.01	315.34
0.8000	0.9000	3	6	2	3	82	121029	82	120664	3.175769e-03	1.587885e-03	9.527308e-03	9.527308e-04	1411.79	705.90	2117.69	282.36
0.8000	0.9000	1	7	3	3	131	191544	129	189519	8.432069e-04	4.216035e-04	2.529621e-03	2.529621e-04	1405.02	702.51	2107.53	281.00
0.8000	0.9000	2	8	4	3	191	279578	190	277855	1.776201e-03	8.881003e-04	5.328602e-03	5.328602e-04	1553.81	776.90	2330.71	310.76
0.8000	0.9000	3	9	1	3	156	227999	153	224832	3.628179e-03	1.814090e-03	1.088454e-02	1.088454e-03	1501.22	750.61	2251.82	300.24
0.8000	0.9000	1	10	2	3	142	207734	141	206783	2.958620e-03	1.479310e-03	8.875859e-03	8.875859e-04	1431.05	715.52	2146.57	286.21
0.9000	1.0000	1	1	1	3	48	71306	47	69920	1.887399e-04	9.436995e-05	5.662197e-04	5.662197e-05	1568.66	784.33	2352.99	313.73
0.9000	1.0000	2	2	2	3	345	504502	330	483124	2.923813e-03	1.461906e-03	8.771439e-03	8.771439e-04	1491.16	745.58	2236.74	298.23
0.9000	1.0000	3	3	3	3	276	403915	264	386006	4.925722e-03	2.462861e-03	1.477717e-02	1.477717e-03	1558.96	779.48	2338.44	311.79
0.9000	1.0000	1	4	4	3	112	163900	108	158451	4.033982e-03	2.016991e-03	1.210195e-02	1.210195e-03	1315.35	657.68	1973.03	263.07
0.9000	1.0000	2	5	1	3	89	130294	86	126039	3.713756e-03	1.856878e-03	1.114127e-02	1.114127e-03	1446.05	723.02	2169.07	289.21
0.9000	1.0000	3	6	2	3	87	128242	85	124516	4.582745e-03	2.291372e-03	1.374823e-02	1.374823e-03	1419.82	709.91	2129.73	283.96
0.9000	1.0000	1	7	3	3	141	206624	141	206221	8.284474e-04	4.142237e-04	2.485342e-03	2.485342e-04	1435.07	717.54	2152.61	287.01
0.9000	1.0000	2	8	4	3	200	292945	199	291451	1.105184e-03	5.525921e-04	3.315553e-03	3.315553e-04	1369.68	684.84	2054.52	273.94
0.9000	1.0000	3	9	1	3	162	237658	158	231161	2.669512e-03	1.334756e-03	8.008537e-03	8.008537e-04	1442.70	721.35	2164.05	288.54
0.9000	1.0000	1	10	2	3	116	170224	116	169765	1.929216e-03	9.646078e-04	5.787647e-03	5.787647e-04	1393.06	696.53	2089.59	278.61
1.0000	1.1000	1	1	1	3	53	77770	52	76443	2.327704e-04	1.163852e-04	6.983111e-04	6.983111e-05	1378.82	689.41	2068.22	275.76
1.0000	1.1000	2	2	2	3	314	459352	301	440485	3.298456e-03	1.649228e-03	9.895368e-03	9.895368e-04	1383.55	691.77	2075.32	276.71
1.0000	1.1000	3	3	3	3	282	412549	274	400114	3.373617e-03	1.686809e-03	1.012085e-02	1.012085e-03	1373.86	686.93	2060.78	274.77
1.0000	1.1000	1	4	4	3	104	152993	99	145546	9.890336e-04	4.945168e-04	2.967101e-03	2.967101e-04	1484.25	742.12	2226.37	296.85
1.0000	1.1000	2	5	1	3	96	140735	93	136370	2.992445e-03	1.496223e-03	8.977336e-03	8.977336e-04	1392.27	696.14	2088.41	278.45
1.0000	1.1000	3	6	2	3	104	152983	104	152588	3.841668e-03	1.920834e-03	1.152501e-02	1.152501e-03	1354.91	677.46	2032.37	270.98
1.0000	1.1000	1	7	3	3	141	206396	134	196308	1.416519e-03	7.082595e-04	4.249557e-03	4.249557e-04	1472.16	736.08	2208.24	294.43
1.0000	1.1000	2	8	4	3	207	302935	202	295750	9.412285e-04	4.706143e-04	2.823686e-03	2.823686e-04	1393.51	696.76	2090.27	278.70
1.0000	1.1000	3	9	1	3	161	235662	160	233655	1.111464e-03	5.557321e-04	3.334393e-03	3.334393e-04	1317.21	658.61	1975.82	263.44
1.0000	1.1000	1	10	2	3	136	199244	135	198391	2.151976e-03	1.075988e-03	6.455927e-03	6.455927e-04	1425.88	712.94	2138.81	285.18
1.1000	1.2000	1	1	1	3	49	71598	48	70177	1.302211e-03	6.511053e-04	3.906632e-03	3.906632e-04	1427.67	713.84	2141.51	285.53
1.1000	1.2000	2	2	2	3	310	453933	302	442041	3.351989e-03	1.675994e-03	1.005597e-02	1.005597e-03	1587.55	793.78	2381.33	317.51
1.1000	1.2000	3	3	3	3	300	439287	286	418452	2.532195e-03	1.266097e-03	7.596584e-03	7.596584e-04	1488.28	744.14	2232.42	297.66
1.1000	1.2000	1	4	4	3	102	149934	100	146151	3.473172e-03	1.736586e-03	1.041952e-02	1.041952e-03	1440.97	720.48	2161.45	288.19
1.1000	1.2000	2	5	1	3	94	138053	92	135224	1.868772e-03	9.343860e-04	5.606316e-03	5.606316e-04	1340.74	670.37	2011.11	268.15
1.1000	1.2000	3	6	2	3	100	146387	98	144427	4.052150e-03	2.026075e-03	1.215645e-02	1.215645e-03	1506.36	753.18	2259.55	301.27
1.1000	1.2000	1	7	3	3	137	200096	136	199972	4.725891e-03	2.362945e-03	1.417767e-02	1.417767e-03	1325.51	662.76	1988.27	265.10
1.1000	1.2000	2	8	4	3	202	295114	192	280859	3.517359e-03	1.758680e-03	1.055208e-02	1.055208e-03	1400.83	700.41	2101.24	280.17
1.1000	1.2000	3	9	1	3	177	258663	175	256450	2.813374e-04	1.406687e-04	8.440122e-04	8.440122e-05	1488.11	744.06	2232.17	297.62
1.1000	1.2000	1	10	2	3	128	186976	126	184402	4.202461e-04	2.101230e-04	1.260738e-03	1.260738e-04	1406.06	703.03	2109.10	281.21
1.2000	1.3000	1	1	1	3	49	72208	48	70821	1.241501e-03	6.207507e-04	3.724504e-03	3.724504e-04	1321.13	660.56	1981.69	264.23
1.2000	1.3000	2	2	2	3	351	512771	339	496124	3.859223e-03	1.929611e-03	1.157767e-02	1.157767e-03	1431.36	715.68	2147.05	286.27
1.2000	1.3000	3	3	3	3	286	418704	278	406514	2.164649e-03	1.082325e-03	6.493948e-03	6.493948e-04	1529.37	764.69	2294.06	305.87
1.2000	1.3000	1	4	4	3	104	153208	100	147337	3.062566e-04	1.531283e-04	9.187699e-04	9.187699e-05	1319.22	659.61	1978.83	263.84
1.2000	1.3000	2	5	1	3	98	143711	98	143351	3.953091e-03	1.976545e-03	1.185927e-02	1.185927e-03	1340.11	670.05	2010.16	268.02
1.2000	1.3000	3	6	2	3	96	141128	92	135250	4.956726e-03	2.478363e-03	1.487018e-02	1.487018e-03	1381.65	690.82	2072.47	276.33
1.2000	1.3000	1	7	3	3	137	200422	131	192169	1.180382e-03	5.901912e-04	3.541147e-03	3.541147e-04	1368.44	684.22	2052.66	273.69
1.2000	1.3000	2	8	4	3	211	309445	211	308327	4.975048e-03	2.487524e-03	1.492514e-02	1.492514e-03	1364.78	682.39	2047.17	272.96
1.2000	1.3000	3	9	1	3	167	244154	160	234686	1.196706e-03	5.983532e-04	3.590119e-03	3.590119e-04	1470.80	735.40	2206.19	294.16
1.2000	1.3000	1	10	2	3	141	206965	135	197957	4.454866e-03	2.227433e-03	1.336460e-02	1.336460e-03	1593.05	796.53	2389.58	318.61
1.3000	1.4000	1	1	1	3	49	72701	48	70550	1.926174e-03	9.630869e-04	5.778521e-03	5.778521e-04	1389.85	694.92	2084.77	277.97
1.3000	1.4000	2	2	2	3	363	530518	346	506011	4.270914e-03	2.135457e-03	1.281274e-02	1.281274e-03	1458.58	729.29	2187.87	291.72
1.3000	1.4000	3	3	3	3	284	415121	278	406107	1.408439e-03	7.042193e-04	4.225316e-03	4.225316e-04	1570.56	785.28	2355.84	314.11
1.3000	1.4000	1	4	4	3	112	164012	111	162675	3.517610e-03	1.758805e-03	1.055283e-02	1.055283e-03	1512.60	756.30	2268.90	302.52
1.3000	1.4000	2	5	1	3	100	146655	95	139536	4.146502e-03	2.073251e-03	1.243951e-02	1.243951e-03	1351.63	675.82	2027.45	270.33
1.3000	1.4000	3	6	2	3	93	136827	91	133457	1.312908e-04	6.564539e-05	3.938723e-04	3.938723e-05	1397.82	698.91	2096.72	279.56
1.3000	1.4000	1	7	3	3	134	196060	131	191550	3.921242e-03	1.960621e-03	1.176373e-02	1.176373e-03	1345.24	672.62	2017.86	269.05
1.3000	1.4000	2	8	4	3	215	315118	215	314047	6.022977e-04	3.011488e-04	1.806893e-03	1.806893e-04	1587.67	793.84	2381.51	317.53
1.3000	1.4000	3	9	1	3	173	253766	170	248464	1.794827e-03	8.974135e-04	5.384481e-03	5.384481e-04	1495.31	747.65	2242.96	299.06
1.3000	1.4000	1	10	2	3	132	193494	128	186950	2.494352e-03	1.247176e-03	7.483055e-03	7.483055e-04	1538.96	769.48	2308.44	307.79
1.4000	1.5000	1	1	1	3	53	78231	52	76085	9.017567e-04	4.508784e-04	2.705270e-03	2.705270e-04	1546.08	773.04	2319.13	309.22
1.4000	1.5000	2	2	2	3	345	504078	332	485761	4.759231e-03	2.379616e-03	1.427769e-02	1.427769e-03	1358.11	679.05	2037.16	271.62
1.4000	1.5000	3	3	3	3	289	422321	278	406995	4.921490e-03	2.460745e-03	1.476447e-02	1.476447e-03	1433.53	716.76	2150.29	286.71
1.4000	1.5000	1	4	4	3	108	158133	104	153140	4.335355e-03	2.167678e-03	1.300607e-02	1.300607e-03	1452.18	726.09	2178.27	290.44
1.4000	1.5000	2	5	1	3	99	145292	97	142576	7.430999e-04	3.715500e-04	2.229300e-03	2.229300e-04	1323.50	661.75	1985.25	264.70
1.4000	1.5000	3	6	2	3	100	147014	96	140583	3.459270e-03	1.729635e-03	1.037781e-02	1.037781e-03	1439.65	719.82	2159.47	287.93
1.4000	1.5000	1	7	3	3	124	181612	123	179773	1.620774e-03	8.103868e-04	4.862321e-03	4.862321e-04	1446.92	723.46	2170.39	289.38
1.4000	1.5000	2	8	4	3	175	256682	174	254886	3.921270e-03	1.960635e-03	1.176381e-02	1.176381e-03	1325.57	662.78	1988.35	265.11
1.4000	1.5000	3	9	1	3	170	249542	166	243289	3.128963e-03	1.564482e-03	9.386889e-03	9.386889e-04	1519.12	759.56	2278.68	303.82
1.4000	1.5000	1	10	2	3	130	190168	126	183993	2.626952e-04	1.313476e-04	7.880857e-04	7.880857e-05	1336.94	668.47	2005.42	267.39
1.5000	1.6000	1	1	1	3	48	70500	46	67680	9.206647e-04	4.603323e-04	2.761994e-03	2.761994e-04	1344.53	672.27	2016.80	268.91
1.5000	1.6000	2	2	2	3	348	509342	340	497660	3.574397e-03	1.787198e-03	1.072319e-02	1.072319e-03	1568.32	784.16	2352.48	313.66
1.5000	1.6000	3	3	3	3	297	433780	295	431498	2.783203e-03	1.391601e-03	8.349608e-03	8.349608e-04	1552.65	776.33	2328.98	310.53
1.5000	1.6000	1	4	4	3	102	150043	97	142993	1.310806e-03	6.554029e-04	3.932418e-03	3.932418e-04	1360.59	680.29	2040.88	272.12
1.5000	1.6000	2	5	1	3	99	145061	98	143535	3.327668e-03	1.663834e-03	9.983004e-03	9.983004e-04	1459.47	729.74	2189.21	291.89
1.5000	1.6000	3	6	2	3	98	143711	96	141198	1.077758e-03	5.388790e-04	3.233274e-03	3.233274e-04	1512.63	756.31	2268.94	302.53
1.5000	1.6000	1	7	3	3	122	179286	119	174135	1.795081e-03	8.975407e-04	5.385244e-03	5.385244e-04	1422.34	711.17	2133.51	284.47
1.5000	1.6000	2	8	4	3	210	307372	209	305426	4.513439e-03	2.256720e-03	1.354032e-02	1.354032e-03	1437.14	718.57	2155.71	287.43
1.5000	1.6000	3	9	1	3	156	228253	153	224048	3.692254e-03	1.846127e-03	1.107676e-02	1.107676e-03	1352.42	676.21	2028.63	270.48
1.5000	1.6000	1	10	2	3	131	192388	126	184509	4.286487e-03	2.143243e-03	1.285946e-02	1.285946e-03	1457.75	728.87	2186.62	291.55
1.6000	1.7000	1	1	1	3	48	70180	47	68751	9.012670e-04	4.506335e-04	2.703801e-03	2.703801e-04	1428.20	714.10	2142.29	285.64
1.6000	1.7000	2	2	2	3	352	515092	343	501024	1.256647e-03	6.283236e-04	3.769942e-03	3.769942e-04	1335.46	667.73	2003.19	267.09
1.6000	1.7000	3	3	3	3	265	387920	255	373348	3.124010e-03	1.562005e-03	9.372031e-03	9.372031e-04	1520.38	760.19	2280.57	304.08
1.6000	1.7000	1	4	4	3	104	152684	101	148673	4.236435e-03	2.118218e-03	1.270931e-02	1.270931e-03	1549.26	774.63	2323.88	309.85
1.6000	1.7000	2	5	1	3	98	143744	93	136967	2.702731e-03	1.351365e-03	8.108192e-03	8.108192e-04	1587.49	793.74	2381.23	317.50
1.6000	1.7000	3	6	2	3	94	138104	90	132223	4.934488e-03	2.467244e-03	1.480346e-02	1.480346e-03	1595.81	797.91	2393.72	319.16
1.6000	1.7000	1	7	3	3	136	198994	134	195679	7.842911e-04	3.921456e-04	2.352873e-03	2.352873e-04	1322.75	661.38	1984.13	264.55
1.6000	1.7000	2	8	4	3	189	276894	181	264349	3.395750e-03	1.697875e-03	1.018725e-02	1.018725e-03	1443.58	721.79	2165.36	288.72
1.6000	1.7000	3	9	1	3	169	246951	166	243039	2.536156e-03	1.268078e-03	7.608469e-03	7.608469e-04	1494.41	747.21	2241.62	298.88
1.6000	1.7000	1	10	2	3	136	199889	134	196655	1.156808e-03	5.784041e-04	3.470425e-03	3.470425e-04	1506.39	753.20	2259.59	301.28
1.7000	1.8000	1	1	1	3	46	67407	43	64199	4.888154e-03	2.444077e-03	1.466446e-02	1.466446e-03	1432.82	716.41	2149.23	286.56
1.7000	1.8000	2	2	2	3	340	497105	330	482294	1.702462e-03	8.512312e-04	5.107387e-03	5.107387e-04	1508.94	754.47	2263.41	301.79
1.7000	1.8000	3	3	3	3	288	421027	275	402506	2.767997e-03	1.383998e-03	8.303990e-03	8.303990e-04	1315.68	657.84	1973.52	263.14
1.7000	1.8000	1	4	4	3	98	144209	96	140233	1.263966e-03	6.319831e-04	3.791899e-03	3.791899e-04	1422.99	711.49	2134.48	284.60
1.7000	1.8000	2	5	1	3	102	149220	101	148200	2.643501e-03	1.321750e-03	7.930502e-03	7.930502e-04	1453.92	726.96	2180.88	290.78
1.7000	1.8000	3	6	2	3	85	124878	84	123409	4.083630e-03	2.041815e-03	1.225089e-02	1.225089e-03	1523.69	761.85	2285.54	304.74
1.7000	1.8000	1	7	3	3	135	198356	135	197705	1.822951e-03	9.114756e-04	5.468854e-03	5.468854e-04	1343.61	671.81	2015.42	268.72
1.7000	1.8000	2	8	4	3	199	290644	194	283946	1.625408e-03	8.127039e-04	4.876223e-03	4.876223e-04	1492.22	746.11	2238.33	298.44
1.7000	1.8000	3	9	1	3	171	251008	169	247005	9.890479e-04	4.945240e-04	2.967144e-03	2.967144e-04	1467.35	733.67	2201.02	293.47
1.7000	1.8000	1	10	2	3	132	192949	128	187966	4.049363e-03	2.024682e-03	1.214809e-02	1.214809e-03	1474.67	737.33	2212.00	294.93
1.8000	1.9000	1	1	1	3	47	69970	47	69564	1.217591e-03	6.087954e-04	3.652773e-03	3.652773e-04	1375.92	687.96	2063.88	275.18
1.8000	1.9000	2	2	2	3	362	529423	348	509222	3.924575e-03	1.962288e-03	1.177373e-02	1.177373e-03	1394.24	697.12	2091.37	278.85
1.8000	1.9000	3	3	3	3	289	422104	281	410533	2.974381e-03	1.487191e-03	8.923144e-03	8.923144e-04	1363.06	681.53	2044.59	272.61
1.8000	1.9000	1	4	4	3	108	158613	106	155773	3.074761e-03	1.537380e-03	9.224282e-03	9.224282e-04	1473.64	736.82	2210.45	294.73
1.8000	1.9000	2	5	1	3	90	132319	86	126605	3.506208e-03	1.753104e-03	1.051862e-02	1.051862e-03	1432.06	716.03	2148.09	286.41
1.8000	1.9000	3	6	2	3	88	129233	84	123444	3.649260e-03	1.824630e-03	1.094778e-02	1.094778e-03	1482.89	741.44	2224.33	296.58
1.8000	1.9000	1	7	3	3	132	193614	128	187063	1.210616e-03	6.053082e-04	3.631849e-03	3.631849e-04	1417.66	708.83	2126.49	283.53
1.8000	1.9000	2	8	4	3	192	280836	187	274376	4.412388e-03	2.206194e-03	1.323716e-02	1.323716e-03	1504.06	752.03	2256.08	300.81
1.8000	1.9000	3	9	1	3	163	238542	160	234508	2.833139e-03	1.416569e-03	8.499416e-03	8.499416e-04	1527.35	763.67	2291.02	305.47
1.8000	1.9000	1	10	2	3	129	189383	127	186447	1.084575e-03	5.422875e-04	3.253725e-03	3.253725e-04	1470.46	735.23	2205.69	294.09
1.9000	2.0000	1	1	1	3	46	68273	46	67574	4.643171e-03	2.321586e-03	1.392951e-02	1.392951e-03	1382.52	691.26	2073.77	276.50
1.9000	2.0000	2	2	2	3	328	479133	325	475348	2.652694e-03	1.326347e-03	7.958082e-03	7.958082e-04	1496.09	748.04	2244.13	299.22
1.9000	2.0000	3	3	3	3	260	380342	256	374803	2.771859e-04	1.385929e-04	8.315576e-04	8.315576e-05	1402.51	701.26	2103.77	280.50
1.9000	2.0000	1	4	4	3	99	145054	95	140017	2.045209e-03	1.022605e-03	6.135628e-03	6.135628e-04	1444.58	722.29	2166.87	288.92
1.9000	2.0000	2	5	1	3	109	159754	108	158567	1.121702e-03	5.608508e-04	3.365105e-03	3.365105e-04	1585.73	792.87	2378.60	317.15
1.9000	2.0000	3	6	2	3	88	128592	87	127344	3.971149e-03	1.985575e-03	1.191345e-02	1.191345e-03	1402.97	701.48	2104.45	280.59
1.9000	2.0000	1	7	3	3	128	188214	128	187984	3.240763e-03	1.620382e-03	9.722290e-03	9.722290e-04	1554.16	777.08	2331.25	310.83
1.9000	2.0000	2	8	4	3	208	304023	203	296461	2.053449e-03	1.026724e-03	6.160347e-03	6.160347e-04	1356.74	678.37	2035.11	271.35
1.9000	2.0000	3	9	1	3	154	225548	151	220467	4.832529e-03	2.416264e-03	1.449759e-02	1.449759e-03	1440.29	720.14	2160.43	288.06
1.9000	2.0000	1	10	2	3	117	171154	112	164445	3.135981e-03	1.567990e-03	9.407943e-03	9.407943e-04	1503.86	751.93	2255.79	300.77
2.0000	2.1000	1	1	1	3	52	76835	51	75663	4.920027e-03	2.460013e-03	1.476008e-02	1.476008e-03	1383.84	691.92	2075.76	276.77
2.0000	2.1000	2	2	2	3	328	479472	328	479392	4.088454e-03	2.044227e-03	1.226536e-02	1.226536e-03	1493.64	746.82	2240.47	298.73
2.0000	2.1000	3	3	3	3	237	346164	235	344201	2.303945e-03	1.151972e-03	6.911834e-03	6.911834e-04	1370.83	685.41	2056.24	274.17
2.0000	2.1000	1	4	4	3	96	141397	92	134405	2.139155e-03	1.069577e-03	6.417464e-03	6.417464e-04	1454.55	727.28	2181.83	290.91
2.0000	2.1000	2	5	1	3	99	144831	95	139336	4.881781e-03	2.440891e-03	1.464534e-02	1.464534e-03	1548.05	774.02	2322.07	309.61
2.0000	2.1000	3	6	2	3	88	128710	87	127708	5.806046e-04	2.903023e-04	1.741814e-03	1.741814e-04	1456.57	728.28	2184.85	291.31
2.0000	2.1000	1	7	3	3	128	186952	124	181291	2.351289e-03	1.175645e-03	7.053867e-03	7.053867e-04	1543.22	771.61	2314.84	308.64
2.0000	2.1000	2	8	4	3	210	307267	208	304822	2.882891e-04	1.441446e-04	8.648673e-04	8.648673e-05	1577.31	788.66	2365.97	315.46
2.0000	2.1000	3	9	1	3	146	213703	143	209577	4.265950e-04	2.132975e-04	1.279785e-03	1.279785e-04	1465.38	732.69	2198.06	293.08
2.0000	2.1000	1	10	2	3	125	183477	119	175081	3.609985e-03	1.804992e-03	1.082995e-02	1.082995e-03	1335.05	667.52	2002.57	267.01
2.1000	2.2000	1	1	1	3	46	68031	44	65259	9.531357e-04	4.765679e-04	2.859407e-03	2.859407e-04	1342.73	671.37	2014.10	268.55
2.1000	2.2000	2	2	2	3	345	504336	344	503525	1.547679e-03	7.738397e-04	4.643038e-03	4.643038e-04	1538.61	769.31	2307.92	307.72
2.1000	2.2000	3	3	3	3	265	387404	262	383038	3.255131e-03	1.627565e-03	9.765393e-03	9.765393e-04	1468.85	734.42	2203.27	293.77
2.1000	2.2000	1	4	4	3	111	162607	109	160558	4.077672e-03	2.038836e-03	1.223302e-02	1.223302e-03	1505.69	752.85	2258.54	301.14
2.1000	2.2000	2	5	1	3	93	136088	90	132223	2.253084e-03	1.126542e-03	6.759253e-03	6.759253e-04	1492.98	746.49	2239.47	298.60
2.1000	2.2000	3	6	2	3	81	118878	80	117784	4.320713e-03	2.160356e-03	1.296214e-02	1.296214e-03	1561.18	780.59	2341.77	312.24
2.1000	2.2000	1	7	3	3	135	198369	134	195676	3.904592e-03	1.952296e-03	1.171378e-02	1.171378e-03	1505.60	752.80	2258.40	301.12
2.1000	2.2000	2	8	4	3	187	273141	179	261734	7.454710e-04	3.727355e-04	2.236413e-03	2.236413e-04	1525.99	762.99	2288.98	305.20
2.1000	2.2000	3	9	1	3	149	218604	146	213600	2.992704e-03	1.496352e-03	8.978111e-03	8.978111e-04	1462.44	731.22	2193.66	292.49
2.1000	2.2000	1	10	2	3	118	173193	117	171124	8.843510e-04	4.421755e-04	2.653053e-03	2.653053e-04	1448.77	724.39	2173.16	289.75
2.2000	2.3000	1	1	1	3	46	68464	46	67550	3.118329e-03	1.559164e-03	9.354986e-03	9.354986e-04	1368.90	684.45	2053.35	273.78
2.2000	2.3000	2	2	2	3	323	471992	307	449225	3.754096e-03	1.877048e-03	1.126229e-02	1.126229e-03	1373.12	686.56	2059.69	274.62
2.2000	2.3000	3	3	3	3	241	353062	240	350884	4.982038e-03	2.491019e-03	1.494611e-02	1.494611e-03	1421.55	710.77	2132.32	284.31
2.2000	2.3000	1	4	4	3	104	152293	101	147820	3.508529e-03	1.754264e-03	1.052559e-02	1.052559e-03	1314.94	657.47	1972.41	262.99
2.2000	2.3000	2	5	1	3	103	151015	100	147095	3.247395e-03	1.623698e-03	9.742185e-03	9.742185e-04	1332.94	666.47	1999.41	266.59
2.2000	2.3000	3	6	2	3	87	127284	86	126042	1.422122e-03	7.110608e-04	4.266365e-03	4.266365e-04	1554.91	777.46	2332.37	310.98
2.2000	2.3000	1	7	3	3	133	195572	131	192713	3.964213e-03	1.982107e-03	1.189264e-02	1.189264e-03	1465.04	732.52	2197.56	293.01
2.2000	2.3000	2	8	4	3	198	289252	190	277980	3.031304e-03	1.515652e-03	9.093912e-03	9.093912e-04	1528.81	764.41	2293.22	305.76
2.2000	2.3000	3	9	1	3	152	222699	148	216128	4.215031e-03	2.107516e-03	1.264509e-02	1.264509e-03	1426.08	713.04	2139.12	285.22
2.2000	2.3000	1	10	2	3	140	204566	133	194605	2.185396e-04	1.092698e-04	6.556189e-04	6.556189e-05	1556.86	778.43	2335.28	311.37
2.3000	2.4000	1	1	1	3	44	65183	43	63324	4.376378e-03	2.188189e-03	1.312913e-02	1.312913e-03	1559.84	779.92	2339.77	311.97
2.3000	2.4000	2	2	2	3	324	473868	309	452084	3.666903e-03	1.833451e-03	1.100071e-02	1.100071e-03	1458.97	729.48	2188.45	291.79
2.3000	2.4000	3	3	3	3	28	41694	27	39891	3.781738e-03	1.890869e-03	1.134521e-02	1.134521e-03	1505.83	752.92	2258.75	301.17
2.3000	2.4000	1	4	4	3	105	153815	101	148043	1.432554e-03	7.162768e-04	4.297661e-03	4.297661e-04	1535.74	767.87	2303.62	307.15
2.3000	2.4000	2	5	1	3	95	140122	91	133554	4.541544e-03	2.270772e-03	1.362463e-02	1.362463e-03	1354.66	677.33	2031.99	270.93
2.3000	2.4000	3	6	2	3	79	115454	77	113513	4.820633e-03	2.410316e-03	1.446190e-02	1.446190e-03	1477.57	738.78	2216.35	295.51
2.3000	2.4000	1	7	3	3	130	190431	128	187138	1.070678e-03	5.353392e-04	3.212035e-03	3.212035e-04	1479.08	739.54	2218.61	295.82
2.3000	2.4000	2	8	4	3	199	291560	191	279186	1.204053e-03	6.020265e-04	3.612159e-03	3.612159e-04	1387.28	693.64	2080.92	277.46
2.3000	2.4000	3	9	1	3	141	205982	139	203127	4.315750e-04	2.157875e-04	1.294725e-03	1.294725e-04	1520.69	760.34	2281.03	304.14
2.3000	2.4000	1	10	2	3	130	190730	130	190212	4.264879e-03	2.132440e-03	1.279464e-02	1.279464e-03	1509.35	754.68	2264.03	301.87
2.4000	2.5000	1	1	1	3	46	67895	45	66240	4.051378e-03	2.025689e-03	1.215413e-02	1.215413e-03	1448.10	724.05	2172.15	289.62
2.4000	2.5000	2	2	2	3	320	467381	312	456149	1.103918e-03	5.519591e-04	3.311755e-03	3.311755e-04	1570.33	785.16	2355.49	314.07
2.4000	2.5000	3	3	3	3	26	39334	25	37495	2.373264e-03	1.186632e-03	7.119791e-03	7.119791e-04	1579.49	789.75	2369.24	315.90
2.4000	2.5000	1	4	4	3	123	180208	119	174625	3.900498e-03	1.950249e-03	1.170149e-02	1.170149e-03	1595.63	797.81	2393.44	319.13
2.4000	2.5000	2	5	1	3	90	131833	88	129424	4.009779e-03	2.004890e-03	1.202934e-02	1.202934e-03	1429.62	714.81	2144.44	285.92
2.4000	2.5000	3	6	2	3	75	109773	72	106022	4.300178e-03	2.150089e-03	1.290054e-02	1.290054e-03	1578.59	789.30	2367.89	315.72
2.4000	2.5000	1	7	3	3	131	191658	125	183532	2.257585e-03	1.128792e-03	6.772754e-03	6.772754e-04	1493.67	746.83	2240.50	298.73
2.4000	2.5000	2	8	4	3	214	312705	210	307512	3.209889e-03	1.604945e-03	9.629668e-03	9.629668e-04	1362.46	681.23	2043.69	272.49
2.4000	2.5000	3	9	1	3	133	194630	130	190030	3.624833e-03	1.812416e-03	1.087450e-02	1.087450e-03	1573.96	786.98	2360.93	314.79
2.4000	2.5000	1	10	2	3	127	186559	124	182275	3.580190e-03	1.790095e-03	1.074057e-02	1.074057e-03	1405.79	702.90	2108.69	281.16
2.5000	2.6000	1	1	1	3	48	71083	48	70472	1.742519e-03	8.712597e-04	5.227558e-03	5.227558e-04	1364.74	682.37	2047.11	272.95
2.5000	2.6000	2	2	2	3	342	500144	331	483837	2.306720e-03	1.153360e-03	6.920159e-03	6.920159e-04	1532.66	766.33	2298.99	306.53
2.5000	2.6000	2	3	3	3	31	45915	31	45867	3.207296e-03	1.603648e-03	9.621889e-03	9.621889e-04	1350.87	675.43	2026.30	270.17
2.5000	2.6000	1	4	4	3	112	164626	111	163438	1.213180e-03	6.065899e-04	3.639539e-03	3.639539e-04	1558.42	779.21	2337.62	311.68
2.5000	2.6000	2	5	1	3	90	132488	87	127272	2.626278e-04	1.313139e-04	7.878835e-04	7.878835e-05	1402.75	701.38	2104.13	280.55
2.5000	2.6000	3	6	2	3	69	100814	67	99125	1.375406e-03	6.877028e-04	4.126217e-03	4.126217e-04	1578.90	789.45	2368.35	315.78
2.5000	2.6000	1	7	3	3	146	214187	145	212736	2.778576e-03	1.389288e-03	8.335729e-03	8.335729e-04	1425.08	712.54	2137.62	285.02
2.5000	2.6000	2	8	4	3	199	290758	197	288698	1.531869e-03	7.659347e-04	4.595608e-03	4.595608e-04	1579.94	789.97	2369.92	315.99
2.5000	2.6000	3	9	1	3	124	181449	119	175141	4.164034e-03	2.082017e-03	1.249210e-02	1.249210e-03	1396.20	698.10	2094.31	279.24
2.5000	2.6000	1	10	2	3	142	207367	138	201859	1.576200e-03	7.880999e-04	4.728599e-03	4.728599e-04	1488.72	744.36	2233.08	297.74
2.6000	2.7000	1	1	1	3	46	67688	46	67188	3.372243e-03	1.686121e-03	1.011673e-02	1.011673e-03	1487.22	743.61	2230.83	297.44
2.6000	2.7000	2	2	2	3	330	482726	330	482615	4.292911e-03	2.146455e-03	1.287873e-02	1.287873e-03	1466.26	733.13	2199.39	293.25
2.6000	2.7000	2	3	3	3	29	43177	29	42808	4.406997e-03	2.203498e-03	1.322099e-02	1.322099e-03	1480.96	740.48	2221.44	296.19
2.6000	2.7000	1	4	4	3	110	160665	107	157467	4.473364e-03	2.236682e-03	1.342009e-02	1.342009e-03	1443.47	721.73	2165.20	288.69
2.6000	2.7000	2	5	1	3	103	151387	101	147695	6.107015e-04	3.053508e-04	1.832105e-03	1.832105e-04	1426.28	713.14	2139.42	285.26
2.6000	2.7000	3	6	2	3	64	93719	62	91405	3.207110e-03	1.603555e-03	9.621329e-03	9.621329e-04	1334.71	667.36	2002.07	266.94
2.6000	2.7000	1	7	3	3	125	182695	120	176088	4.860510e-03	2.430255e-03	1.458153e-02	1.458153e-03	1410.75	705.38	2116.13	282.15
2.6000	2.7000	2	8	4	3	199	290867	194	283836	1.269784e-04	6.348921e-05	3.809352e-04	3.809352e-05	1316.24	658.12	1974.36	263.25
2.6000	2.7000	3	9	1	3	109	160313	105	154649	4.665593e-03	2.332797e-03	1.399678e-02	1.399678e-03	1429.93	714.96	2144.89	285.99
2.6000	2.7000	1	10	2	3	125	182772	124	181622	2.518378e-03	1.259189e-03	7.555135e-03	7.555135e-04	1519.06	759.53	2278.59	303.81
2.7000	2.8000	1	1	1	3	45	66093	44	65147	3.078736e-03	1.539368e-03	9.236207e-03	9.236207e-04	1404.34	702.17	2106.51	280.87
2.7000	2.8000	2	2	2	3	335	490408	330	482723	6.609894e-04	3.304947e-04	1.982968e-03	1.982968e-04	1426.08	713.04	2139.12	285.22
2.7000	2.8000	2	3	3	3	176	257255	168	245305	4.928821e-04	2.464410e-04	1.478646e-03	1.478646e-04	1417.59	708.80	2126.39	283.52
2.7000	2.8000	1	4	4	3	108	158832	103	150970	3.216871e-03	1.608435e-03	9.650612e-03	9.650612e-04	1580.68	790.34	2371.02	316.14
2.7000	2.8000	2	5	1	3	98	144087	94	137361	2.716441e-03	1.358220e-03	8.149322e-03	8.149322e-04	1355.50	677.75	2033.26	271.10
2.7000	2.8000	3	6	2	3	60	88339	57	84115	7.027161e-04	3.513581e-04	2.108148e-03	2.108148e-04	1477.12	738.56	2215.69	295.42
2.7000	2.8000	1	7	3	3	128	187134	124	181800	3.397536e-03	1.698768e-03	1.019261e-02	1.019261e-03	1394.41	697.21	2091.62	278.88
2.7000	2.8000	2	8	4	3	193	282287	191	280276	4.591513e-03	2.295756e-03	1.377454e-02	1.377454e-03	1439.85	719.92	2159.77	287.97
2.7000	2.8000	3	9	1	3	98	143521	96	141284	1.935309e-03	9.676546e-04	5.805927e-03	5.805927e-04	1362.72	681.36	2044.08	272.54
2.7000	2.8000	1	10	2	3	128	187871	122	178716	3.264530e-03	1.632265e-03	9.793589e-03	9.793589e-04	1499.98	749.99	2249.96	300.00
2.8000	2.9000	1	1	1	3	48	70757	47	69362	1.886509e-03	9.432546e-04	5.659528e-03	5.659528e-04	1377.62	688.81	2066.44	275.52
2.8000	2.9000	2	2	2	3	338	493655	321	469651	2.576730e-03	1.288365e-03	7.730190e-03	7.730190e-04	1595.49	797.75	2393.24	319.10
2.8000	2.9000	2	3	3	3	171	250183	162	237965	3.805447e-03	1.902723e-03	1.141634e-02	1.141634e-03	1447.89	723.94	2171.83	289.58
2.8000	2.9000	1	4	4	3	104	153102	104	152247	3.054420e-03	1.527210e-03	9.163260e-03	9.163260e-04	1555.40	777.70	2333.10	311.08
2.8000	2.9000	2	5	1	3	99	145228	95	139085	2.813186e-03	1.406593e-03	8.439559e-03	8.439559e-04	1472.18	736.09	2208.27	294.44
2.8000	2.9000	3	6	2	3	59	86261	56	82787	3.824732e-04	1.912366e-04	1.147419e-03	1.147419e-04	1413.99	707.00	2120.99	282.80
2.8000	2.9000	1	7	3	3	138	202920	136	199127	2.495599e-03	1.247800e-03	7.486798e-03	7.486798e-04	1431.32	715.66	2146.98	286.26
2.8000	2.9000	2	8	4	3	219	320680	209	305278	2.430176e-03	1.215088e-03	7.290527e-03	7.290527e-04	1472.56	736.28	2208.84	294.51
2.8000	2.9000	3	9	1	3	103	151727	102	150137	7.116220e-04	3.558110e-04	2.134866e-03	2.134866e-04	1545.91	772.95	2318.86	309.18
2.8000	2.9000	1	10	2	3	127	186403	127	186225	2.468696e-03	1.234348e-03	7.406089e-03	7.406089e-04	1566.16	783.08	2349.23	313.23
2.9000	3.0000	1	1	1	3	52	76017	50	73685	2.605250e-03	1.302625e-03	7.815749e-03	7.815749e-04	1457.76	728.88	2186.64	291.55
2.9000	3.0000	2	2	2	3	337	492269	333	486473	2.910292e-03	1.455146e-03	8.730876e-03	8.730876e-04	1593.17	796.58	2389.75	318.63
2.9000	3.0000	2	3	3	3	161	235224	160	233966	4.060422e-04	2.030211e-04	1.218127e-03	1.218127e-04	1571.97	785.99	2357.96	314.39
2.9000	3.0000	1	4	4	3	90	132551	88	129083	3.469838e-03	1.734919e-03	1.040951e-02	1.040951e-03	1525.03	762.52	2287.55	305.01
2.9000	3.0000	2	5	1	3	99	144939	95	139712	1.132454e-03	5.662272e-04	3.397363e-03	3.397363e-04	1593.57	796.79	2390.36	318.71
2.9000	3.0000	3	6	2	3	55	81322	55	80647	3.728333e-03	1.864167e-03	1.118500e-02	1.118500e-03	1355.71	677.86	2033.57	271.14
2.9000	3.0000	1	7	3	3	139	202983	136	199061	5.341631e-04	2.670815e-04	1.602489e-03	1.602489e-04	1456.39	728.19	2184.58	291.28
2.9000	3.0000	2	8	4	3	192	281202	184	268702	4.060353e-03	2.030176e-03	1.218106e-02	1.218106e-03	1590.72	795.36	2386.09	318.14
2.9000	3.0000	3	9	1	3	96	141178	95	139110	3.461075e-04	1.730537e-04	1.038322e-03	1.038322e-04	1335.29	667.64	2002.93	267.06
2.9000	3.0000	1	10	2	3	125	182670	124	182023	2.085003e-03	1.042502e-03	6.255010e-03	6.255010e-04	1578.58	789.29	2367.88	315.72
3.0000	3.1000	1	1	1	3	44	64341	43	63065	1.853289e-03	9.266445e-04	5.559867e-03	5.559867e-04	1503.16	751.58	2254.74	300.63
3.0000	3.1000	2	2	2	3	336	491310	331	483513	1.285465e-03	6.427326e-04	3.856396e-03	3.856396e-04	1522.47	761.24	2283.71	304.49
3.0000	3.1000	2	3	3	3	156	229091	155	226517	1.429906e-03	7.149530e-04	4.289718e-03	4.289718e-04	1459.04	729.52	2188.55	291.81
3.0000	3.1000	1	4	4	3	104	152218	100	147024	1.006600e-04	5.033000e-05	3.019800e-04	3.019800e-05	1463.25	731.62	2194.87	292.65
3.0000	3.1000	2	5	1	3	98	143150	96	141295	1.649724e-03	8.248619e-04	4.949171e-03	4.949171e-04	1343.75	671.88	2015.63	268.75
3.0000	3.1000	3	6	2	3	49	71685	48	71297	2.225705e-03	1.112853e-03	6.677116e-03	6.677116e-04	1579.70	789.85	2369.56	315.94
3.0000	3.1000	1	7	3	3	133	194596	129	188637	3.200288e-03	1.600144e-03	9.600865e-03	9.600865e-04	1519.53	759.76	2279.29	303.91
3.0000	3.1000	2	8	4	3	212	310133	209	305520	1.560456e-03	7.802279e-04	4.681367e-03	4.681367e-04	1344.77	672.38	2017.15	268.95
3.0000	3.1000	3	9	1	3	95	139615	93	136127	2.220373e-03	1.110186e-03	6.661118e-03	6.661118e-04	1447.65	723.82	2171.47	289.53
3.0000	3.1000	1	10	2	3	122	178321	118	173118	4.128681e-03	2.064341e-03	1.238604e-02	1.238604e-03	1562.30	781.15	2343.45	312.46
3.1000	3.2000	1	1	1	3	46	67434	45	66347	3.077985e-03	1.538993e-03	9.233956e-03	9.233956e-04	1400.23	700.11	2100.34	280.05
3.1000	3.2000	2	2	2	3	318	464878	308	450818	3.594714e-03	1.797357e-03	1.078414e-02	1.078414e-03	1372.17	686.09	2058.26	274.43
3.1000	3.2000	2	3	3	3	148	217423	145	212159	1.411204e-03	7.056021e-04	4.233612e-03	4.233612e-04	1557.96	778.98	2336.94	311.59
3.1000	3.2000	1	4	4	3	101	147672	99	144682	1.486267e-04	7.431336e-05	4.458802e-04	4.458802e-05	1449.52	724.76	2174.27	289.90
3.1000	3.2000	2	5	1	3	99	145934	98	144277	2.654351e-03	1.327175e-03	7.963052e-03	7.963052e-04	1599.00	799.50	2398.49	319.80
3.1000	3.2000	3	6	2	3	49	72693	48	70124	3.888395e-03	1.944198e-03	1.166519e-02	1.166519e-03	1465.24	732.62	2197.87	293.05
3.1000	3.2000	1	7	3	3	124	181253	123	181019	4.250598e-03	2.125299e-03	1.275179e-02	1.275179e-03	1320.89	660.44	1981.33	264.18
3.1000	3.2000	2	8	4	3	202	295643	195	285338	4.219048e-04	2.109524e-04	1.265714e-03	1.265714e-04	1380.64	690.32	2070.97	276.13
3.1000	3.2000	3	9	1	3	78	114169	78	113928	4.719349e-03	2.359675e-03	1.415805e-02	1.415805e-03	1543.28	771.64	2314.91	308.66
3.1000	3.2000	1	10	2	3	131	192103	126	184662	1.059582e-03	5.297911e-04	3.178746e-03	3.178746e-04	1355.11	677.56	2032.67	271.02
3.2000	3.3000	1	1	1	3	50	73499	49	72161	2.002012e-03	1.001006e-03	6.006036e-03	6.006036e-04	1510.85	755.42	2266.27	302.17
3.2000	3.3000	2	2	2	3	312	456223	310	453716	3.567835e-03	1.783917e-03	1.070350e-02	1.070350e-03	1332.16	666.08	1998.25	266.43
3.2000	3.3000	2	3	3	3	151	220954	145	212578	2.552957e-03	1.276479e-03	7.658872e-03	7.658872e-04	1512.45	756.22	2268.67	302.49
3.2000	3.3000	1	4	4	3	104	152621	101	148292	3.151097e-04	1.575549e-04	9.453292e-04	9.453292e-05	1362.40	681.20	2043.60	272.48
3.2000	3.3000	2	5	1	3	95	140154	95	138704	4.283546e-03	2.141773e-03	1.285064e-02	1.285064e-03	1384.66	692.33	2076.99	276.93
3.2000	3.3000	3	6	2	3	46	68469	46	67176	4.907771e-03	2.453886e-03	1.472331e-02	1.472331e-03	1369.51	684.76	2054.27	273.90
3.2000	3.3000	1	7	3	3	134	195793	132	193035	1.311968e-03	6.559838e-04	3.935903e-03	3.935903e-04	1501.06	750.53	2251.59	300.21
3.2000	3.3000	2	8	4	3	204	298979	194	284210	1.442885e-04	7.214425e-05	4.328655e-04	4.328655e-05	1418.25	709.13	2127.38	283.65
3.2000	3.3000	3	9	1	3	83	121467	79	115973	2.200640e-03	1.100320e-03	6.601920e-03	6.601920e-04	1322.52	661.26	1983.78	264.50
3.2000	3.3000	1	10	2	3	128	187567	127	186812	4.966950e-03	2.483475e-03	1.490085e-02	1.490085e-03	1327.11	663.56	1990.67	265.42
3.3000	3.4000	1	1	1	3	52	76229	52	76041	2.927901e-03	1.463950e-03	8.783702e-03	8.783702e-04	1418.28	709.14	2127.42	283.66
3.3000	3.4000	2	2	2	3	346	506080	333	486859	1.038805e-03	5.194027e-04	3.116416e-03	3.116416e-04	1582.13	791.06	2373.19	316.43
3.3000	3.4000	2	3	3	3	124	181513	119	174027	4.347175e-03	2.173587e-03	1.304152e-02	1.304152e-03	1396.48	698.24	2094.73	279.30
3.3000	3.4000	1	4	4	3	109	159939	108	158009	1.484231e-03	7.421154e-04	4.452692e-03	4.452692e-04	1417.09	708.55	2125.64	283.42
3.3000	3.4000	2	5	1	3	101	148594	97	142685	2.996538e-03	1.498269e-03	8.989615e-03	8.989615e-04	1368.35	684.18	2052.53	273.67
3.3000	3.4000	3	6	2	3	42	62420	42	62235	2.583910e-03	1.291955e-03	7.751730e-03	7.751730e-04	1433.55	716.77	2150.32	286.71
3.3000	3.4000	1	7	3	3	136	199560	134	196114	8.428159e-04	4.214079e-04	2.528448e-03	2.528448e-04	1569.76	784.88	2354.64	313.95
3.3000	3.4000	2	8	4	3	203	296749	200	293270	1.000570e-04	5.002851e-05	3.001710e-04	3.001710e-05	1435.64	717.82	2153.46	287.13
3.3000	3.4000	3	9	1	3	77	112526	74	108609	1.229042e-03	6.145208e-04	3.687125e-03	3.687125e-04	1314.43	657.22	1971.65	262.89
3.3000	3.4000	1	10	2	3	122	179004	118	172765	1.693946e-03	8.469731e-04	5.081838e-03	5.081838e-04	1522.09	761.04	2283.13	304.42
3.4000	3.5000	1	1	1	3	50	73157	50	73101	3.795816e-03	1.897908e-03	1.138745e-02	1.138745e-03	1428.81	714.41	2143.22	285.76
3.4000	3.5000	2	2	2	3	349	510662	335	489401	3.925095e-03	1.962548e-03	1.177529e-02	1.177529e-03	1484.46	742.23	2226.69	296.89
3.4000	3.5000	2	3	3	3	115	169117	110	161528	2.617887e-03	1.308943e-03	7.853661e-03	7.853661e-04	1462.60	731.30	2193.89	292.52
3.4000	3.5000	1	4	4	3	105	153974	102	149829	4.612873e-03	2.306437e-03	1.383862e-02	1.383862e-03	1516.82	758.41	2275.23	303.36
3.4000	3.5000	2	5	1	3	99	145042	96	140294	1.744491e-03	8.722456e-04	5.233474e-03	5.233474e-04	1599.73	799.86	2399.59	319.95
3.4000	3.5000	3	6	2	3	43	63553	42	61952	1.964537e-03	9.822684e-04	5.893610e-03	5.893610e-04	1361.61	680.80	2042.41	272.32
3.4000	3.5000	1	7	3	3	139	203910	132	193830	3.548129e-03	1.774064e-03	1.064439e-02	1.064439e-03	1597.32	798.66	2395.97	319.46
3.4000	3.5000	2	8	4	3	196	286866	196	286393	3.531767e-04	1.765884e-04	1.059530e-03	1.059530e-04	1461.40	730.70	2192.10	292.28
3.4000	3.5000	3	9	1	3	75	110038	73	106717	7.454036e-04	3.727018e-04	2.236211e-03	2.236211e-04	1566.67	783.33	2350.00	313.33
3.4000	3.5000	1	10	2	3	124	181720	123	179872	1.327293e-03	6.636464e-04	3.981878e-03	3.981878e-04	1496.46	748.23	2244.69	299.29
3.5000	3.6000	1	1	1	3	49	72439	47	69004	2.789407e-03	1.394704e-03	8.368222e-03	8.368222e-04	1397.99	698.99	2096.98	279.60
3.5000	3.6000	2	2	2	3	310	453909	301	440394	4.349307e-04	2.174653e-04	1.304792e-03	1.304792e-04	1542.86	771.43	2314.29	308.57
3.5000	3.6000	2	3	3	3	110	161837	107	156770	4.727798e-03	2.363899e-03	1.418339e-02	1.418339e-03	1501.39	750.69	2252.08	300.28
3.5000	3.6000	1	4	4	3	114	166653	109	159165	1.461479e-03	7.307393e-04	4.384436e-03	4.384436e-04	1394.69	697.34	2092.03	278.94
3.5000	3.6000	2	5	1	3	97	141702	96	141494	6.551872e-04	3.275936e-04	1.965562e-03	1.965562e-04	1431.85	715.93	2147.78	286.37
3.5000	3.6000	3	6	2	3	42	62255	41	59964	1.106131e-03	5.530657e-04	3.318394e-03	3.318394e-04	1455.05	727.52	2182.57	291.01
3.5000	3.6000	1	7	3	3	127	185786	121	177211	4.703597e-04	2.351799e-04	1.411079e-03	1.411079e-04	1591.82	795.91	2387.72	318.36
3.5000	3.6000	2	8	4	3	197	288113	190	277559	1.740424e-04	8.702118e-05	5.221271e-04	5.221271e-05	1595.78	797.89	2393.68	319.16
3.5000	3.6000	3	9	1	3	67	98295	64	94712	3.028575e-03	1.514287e-03	9.085724e-03	9.085724e-04	1566.90	783.45	2350.35	313.38
3.5000	3.6000	1	10	2	3	132	193146	130	190056	2.099943e-03	1.049972e-03	6.299830e-03	6.299830e-04	1318.50	659.25	1977.74	263.70
3.6000	3.7000	1	1	1	3	50	73344	49	72756	1.023849e-03	5.119245e-04	3.071547e-03	3.071547e-04	1510.36	755.18	2265.54	302.07
3.6000	3.7000	2	2	2	3	330	482591	321	468934	1.367687e-03	6.838435e-04	4.103061e-03	4.103061e-04	1440.85	720.42	2161.27	288.17
3.6000	3.7000	2	3	3	3	126	184890	120	176490	1.076425e-03	5.382123e-04	3.229274e-03	3.229274e-04	1570.22	785.11	2355.33	314.04
3.6000	3.7000	1	4	4	3	102	150032	99	145973	3.690394e-03	1.845197e-03	1.107118e-02	1.107118e-03	1491.17	745.58	2236.75	298.23
3.6000	3.7000	2	5	1	3	98	143748	97	142475	4.670281e-03	2.335141e-03	1.401084e-02	1.401084e-03	1472.92	736.46	2209.38	294.58
3.6000	3.7000	3	6	2	3	37	54274	35	51746	1.918453e-03	9.592267e-04	5.755360e-03	5.755360e-04	1582.86	791.43	2374.30	316.57
3.6000	3.7000	1	7	3	3	149	218725	147	215077	3.958196e-03	1.979098e-03	1.187459e-02	1.187459e-03	1446.67	723.33	2170.00	289.33
3.6000	3.7000	2	8	4	3	206	302200	203	296901	4.687775e-03	2.343888e-03	1.406333e-02	1.406333e-03	1332.69	666.34	1999.03	266.54
3.6000	3.7000	3	9	1	3	72	106307	71	103663	3.752628e-04	1.876314e-04	1.125788e-03	1.125788e-04	1457.40	728.70	2186.10	291.48
3.6000	3.7000	1	10	2	3	139	203620	133	195072	4.454105e-04	2.227053e-04	1.336232e-03	1.336232e-04	1368.21	684.10	2052.31	273.64
3.7000	3.8000	1	1	1	3	49	72721	48	70136	1.618054e-03	8.090268e-04	4.854161e-03	4.854161e-04	1386.99	693.49	2080.48	277.40
3.7000	3.8000	2	2	2	3	354	517133	350	511684	1.608200e-03	8.040998e-04	4.824599e-03	4.824599e-04	1580.83	790.41	2371.24	316.17
3.7000	3.8000	2	3	3	3	118	173732	118	172657	6.025830e-04	3.012915e-04	1.807749e-03	1.807749e-04	1428.68	714.34	2143.02	285.74
3.7000	3.8000	1	4	4	3	122	178593	121	177145	4.307945e-03	2.153972e-03	1.292383e-02	1.292383e-03	1532.52	766.26	2298.78	306.50
3.7000	3.8000	2	5	1	3	91	134016	90	131965	1.225031e-03	6.125155e-04	3.675093e-03	3.675093e-04	1348.32	674.16	2022.49	269.66
3.7000	3.8000	3	6	2	3	40	59806	38	56872	9.121661e-04	4.560830e-04	2.736498e-03	2.736498e-04	1574.13	787.06	2361.19	314.83
3.7000	3.8000	1	7	3	3	125	183297	123	179702	1.302226e-03	6.511132e-04	3.906679e-03	3.906679e-04	1330.86	665.43	1996.29	266.17
3.7000	3.8000	2	8	4	3	194	283832	190	277543	2.137298e-03	1.068649e-03	6.411894e-03	6.411894e-04	1439.25	719.63	2158.88	287.85
3.7000	3.8000	3	9	1	3	70	102701	68	99681	4.365582e-03	2.182791e-03	1.309675e-02	1.309675e-03	1498.37	749.19	2247.56	299.67
3.7000	3.8000	1	10	2	3	130	190726	125	182551	3.491161e-03	1.745580e-03	1.047348e-02	1.047348e-03	1374.23	687.11	2061.34	274.85
3.8000	3.9000	1	1	1	3	48	70666	46	67196	3.984515e-03	1.992257e-03	1.195354e-02	1.195354e-03	1334.16	667.08	2001.24	266.83
3.8000	3.9000	2	2	2	3	314	459768	299	437008	3.644874e-03	1.822437e-03	1.093462e-02	1.093462e-03	1470.41	735.21	2205.62	294.08
3.8000	3.9000	2	3	3	3	119	174256	118	172439	2.311341e-03	1.155671e-03	6.934023e-03	6.934023e-04	1367.57	683.78	2051.35	273.51
3.8000	3.9000	1	4	4	3	106	154904	101	148734	4.281707e-04	2.140853e-04	1.284512e-03	1.284512e-04	1570.19	785.09	2355.28	314.04
3.8000	3.9000	2	5	1	3	86	126090	82	120252	1.939798e-03	9.698989e-04	5.819393e-03	5.819393e-04	1548.71	774.36	2323.07	309.74
3.8000	3.9000	3	6	2	3	40	58952	38	56206	1.910914e-03	9.554568e-04	5.732741e-03	5.732741e-04	1449.56	724.78	2174.34	289.91
3.8000	3.9000	1	7	3	3	142	208074	140	204554	2.471548e-03	1.235774e-03	7.414644e-03	7.414644e-04	1315.55	657.78	1973.33	263.11
3.8000	3.9000	2	8	4	3	206	301841	202	295558	3.931604e-03	1.965802e-03	1.179481e-02	1.179481e-03	1533.51	766.76	2300.27	306.70
3.8000	3.9000	3	9	1	3	73	107843	72	106453	9.324169e-04	4.662085e-04	2.797251e-03	2.797251e-04	1370.93	685.47	2056.40	274.19
3.8000	3.9000	1	10	2	3	133	194310	130	190949	4.456727e-03	2.228363e-03	1.337018e-02	1.337018e-03	1483.01	741.51	2224.52	296.60
3.9000	4.0000	1	1	1	3	49	72928	47	70019	1.637751e-03	8.188757e-04	4.913254e-03	4.913254e-04	1384.52	692.26	2076.78	276.90
3.9000	4.0000	2	2	2	3	310	452621	295	431731	3.511165e-03	1.755583e-03	1.053350e-02	1.053350e-03	1425.78	712.89	2138.67	285.16
3.9000	4.0000	2	3	3	3	124	181856	119	175164	4.701436e-03	2.350718e-03	1.410431e-02	1.410431e-03	1499.82	749.91	2249.73	299.96
3.9000	4.0000	1	4	4	3	101	148443	99	145439	1.396712e-03	6.983558e-04	4.190135e-03	4.190135e-04	1507.29	753.65	2260.94	301.46
3.9000	4.0000	2	5	1	3	100	146491	98	144285	1.904901e-03	9.524507e-04	5.714704e-03	5.714704e-04	1440.25	720.12	2160.37	288.05
3.9000	4.0000	3	6	2	3	36	53327	36	53054	4.451779e-03	2.225890e-03	1.335534e-02	1.335534e-03	1408.98	704.49	2113.48	281.80
3.9000	4.0000	1	7	3	3	136	198698	129	189706	4.994574e-03	2.497287e-03	1.498372e-02	1.498372e-03	1409.38	704.69	2114.07	281.88
3.9000	4.0000	2	8	4	3	206	301025	196	286581	2.114838e-03	1.057419e-03	6.344515e-03	6.344515e-04	1351.98	675.99	2027.98	270.40
3.9000	4.0000	3	9	1	3	69	101241	68	99491	1.236889e-03	6.184445e-04	3.710667e-03	3.710667e-04	1318.20	659.10	1977.30	263.64
3.9000	4.0000	1	10	2	3	138	202531	136	198678	2.860637e-03	1.430319e-03	8.581912e-03	8.581912e-04	1496.39	748.19	2244.58	299.28
4.0000	4.1000	1	1	1	3	51	75242	50	73143	3.566245e-03	1.783123e-03	1.069874e-02	1.069874e-03	1427.66	713.83	2141.48	285.53
4.0000	4.1000	2	2	2	3	310	452773	302	442080	1.137016e-03	5.685080e-04	3.411048e-03	3.411048e-04	1604.72	802.36	2407.09	320.94
4.0000	4.1000	2	3	3	3	126	184774	124	181769	3.419905e-03	1.709952e-03	1.025971e-02	1.025971e-03	1422.95	711.48	2134.43	284.59
4.0000	4.1000	1	4	4	3	106	155427	101	148869	3.216108e-03	1.608054e-03	9.648323e-03	9.648323e-04	1489.00	744.50	2233.49	297.80
4.0000	4.1000	2	5	1	3	93	135799	89	130161	1.938099e-04	9.690493e-05	5.814296e-04	5.814296e-05	1541.50	770.75	2312.25	308.30
4.0000	4.1000	3	6	2	3	42	61719	41	60286	2.493629e-03	1.246814e-03	7.480886e-03	7.480886e-04	1431.35	715.68	2147.03	286.27
4.0000	4.1000	1	7	3	3	126	184348	123	180595	1.839131e-03	9.195654e-04	5.517393e-03	5.517393e-04	1329.18	664.59	1993.77	265.84
4.0000	4.1000	2	8	4	3	195	285484	194	283812	3.329323e-03	1.664661e-03	9.987968e-03	9.987968e-04	1375.68	687.84	2063.52	275.14
4.0000	4.1000	3	9	1	3	68	100088	65	95233	4.497093e-03	2.248546e-03	1.349128e-02	1.349128e-03	1495.81	747.90	2243.71	299.16
4.0000	4.1000	1	10	2	3	133	194230	126	185169	4.879181e-03	2.439591e-03	1.463754e-02	1.463754e-03	1552.56	776.28	2328.83	310.51
4.1000	4.2000	1	1	1	3	47	68836	45	67008	1.415955e-03	7.079773e-04	4.247864e-03	4.247864e-04	1343.49	671.74	2015.23	268.70
4.1000	4.2000	2	2	2	3	329	480957	320	467483	1.464006e-03	7.320028e-04	4.392017e-03	4.392017e-04	1547.10	773.55	2320.65	309.42
4.1000	4.2000	2	3	3	3	118	173332	114	167744	3.402572e-03	1.701286e-03	1.020771e-02	1.020771e-03	1332.27	666.13	1998.40	266.45
4.1000	4.2000	1	4	4	3	103	151067	99	144683	5.054105e-04	2.527052e-04	1.516231e-03	1.516231e-04	1455.49	727.74	2183.23	291.10
4.1000	4.2000	2	5	1	3	88	129364	86	126165	8.059861e-04	4.029930e-04	2.417958e-03	2.417958e-04	1496.21	748.10	2244.31	299.24
4.1000	4.2000	3	6	2	3	38	55738	37	55242	3.791958e-04	1.895979e-04	1.137587e-03	1.137587e-04	1436.23	718.12	2154.35	287.25
4.1000	4.2000	1	7	3	3	131	192464	130	191137	1.637990e-03	8.189950e-04	4.913970e-03	4.913970e-04	1471.10	735.55	2206.65	294.22
4.1000	4.2000	2	8	4	3	208	304423	203	296699	2.467586e-03	1.233793e-03	7.402759e-03	7.402759e-04	1558.76	779.38	2338.14	311.75
4.1000	4.2000	3	9	1	3	72	105795	71	104538	7.174099e-04	3.587050e-04	2.152230e-03	2.152230e-04	1371.35	685.68	2057.03	274.27
4.1000	4.2000	1	10	2	3	140	205352	137	200758	1.923649e-03	9.618245e-04	5.770947e-03	5.770947e-04	1507.21	753.60	2260.81	301.44
4.2000	4.3000	1	1	1	3	46	67582	44	64820	4.145984e-03	2.072992e-03	1.243795e-02	1.243795e-03	1397.43	698.71	2096.14	279.49
4.2000	4.3000	2	2	2	3	337	492203	321	469734	2.828246e-03	1.414123e-03	8.484738e-03	8.484738e-04	1560.78	780.39	2341.16	312.16
4.2000	4.3000	2	3	3	3	133	195216	132	193986	1.323378e-03	6.616889e-04	3.970134e-03	3.970134e-04	1390.87	695.43	2086.30	278.17
4.2000	4.3000	1	4	4	3	112	164947	109	159596	5.595050e-04	2.797525e-04	1.678515e-03	1.678515e-04	1455.95	727.98	2183.93	291.19
4.2000	4.3000	2	5	1	3	94	137305	91	133641	3.826821e-03	1.913410e-03	1.148046e-02	1.148046e-03	1359.11	679.56	2038.67	271.82
4.2000	4.3000	3	6	2	3	42	62168	41	60296	4.155010e-03	2.077505e-03	1.246503e-02	1.246503e-03	1363.85	681.92	2045.77	272.77
4.2000	4.3000	1	7	3	3	119	174768	116	170409	3.461907e-04	1.730954e-04	1.038572e-03	1.038572e-04	1324.19	662.10	1986.29	264.84
4.2000	4.3000	2	8	4	3	217	317268	211	308527	1.263645e-03	6.318225e-04	3.790935e-03	3.790935e-04	1328.49	664.24	1992.73	265.70
4.2000	4.3000	3	9	1	3	78	114185	75	110643	4.027084e-03	2.013542e-03	1.208125e-02	1.208125e-03	1428.49	714.25	2142.74	285.70
4.2000	4.3000	1	10	2	3	132	193316	129	189118	4.652809e-03	2.326405e-03	1.395843e-02	1.395843e-03	1427.10	713.55	2140.65	285.42
4.3000	4.4000	1	1	1	3	52	76138	49	72445	4.811312e-03	2.405656e-03	1.443394e-02	1.443394e-03	1509.02	754.51	2263.53	301.80
4.3000	4.4000	2	2	2	3	337	492062	334	488325	4.741091e-03	2.370546e-03	1.422327e-02	1.422327e-03	1572.38	786.19	2358.57	314.48
4.3000	4.4000	2	3	3	3	143	209609	141	206633	3.560606e-03	1.780303e-03	1.068182e-02	1.068182e-03	1495.83	747.91	2243.74	299.17
4.3000	4.4000	1	4	4	3	105	153614	104	152343	4.683874e-03	2.341937e-03	1.405162e-02	1.405162e-03	1368.23	684.12	2052.35	273.65
4.3000	4.4000	2	5	1	3	96	140695	94	137847	8.373141e-04	4.186571e-04	2.511942e-03	2.511942e-04	1596.68	798.34	2395.02	319.34
4.3000	4.4000	3	6	2	3	38	56914	38	56205	3.793954e-03	1.896977e-03	1.138186e-02	1.138186e-03	1482.74	741.37	2224.12	296.55
4.3000	4.4000	1	7	3	3	145	212695	145	211729	1.638003e-03	8.190013e-04	4.914008e-03	4.914008e-04	1515.79	757.89	2273.68	303.16
4.3000	4.4000	2	8	4	3	193	283193	192	280799	6.874664e-04	3.437332e-04	2.062399e-03	2.062399e-04	1528.60	764.30	2292.90	305.72
4.3000	4.4000	3	9	1	3	81	119495	79	116112	9.055871e-04	4.527935e-04	2.716761e-03	2.716761e-04	1348.04	674.02	2022.06	269.61
4.3000	4.4000	1	10	2	3	130	190916	130	190262	4.122807e-03	2.061403e-03	1.236842e-02	1.236842e-03	1479.45	739.72	2219.17	295.89
4.4000	4.5000	1	1	1	3	49	72537	49	71907	4.024805e-03	2.012403e-03	1.207442e-02	1.207442e-03	1344.50	672.25	2016.75	268.90
4.4000	4.5000	2	2	2	3	373	545540	356	520096	3.014752e-03	1.507376e-03	9.044256e-03	9.044256e-04	1529.75	764.87	2294.62	305.95
4.4000	4.5000	2	3	3	3	143	208818	139	204307	1.552152e-03	7.760762e-04	4.656457e-03	4.656457e-04	1587.99	793.99	2381.98	317.60
4.4000	4.5000	1	4	4	3	101	148713	99	144682	1.209956e-03	6.049780e-04	3.629868e-03	3.629868e-04	1493.28	746.64	2239.92	298.66
4.4000	4.5000	2	5	1	3	89	131058	87	127633	1.819014e-03	9.095068e-04	5.457041e-03	5.457041e-04	1419.87	709.93	2129.80	283.97
4.4000	4.5000	3	6	2	3	50	74269	49	72345	4.220453e-03	2.110226e-03	1.266136e-02	1.266136e-03	1378.60	689.30	2067.90	275.72
4.4000	4.5000	1	7	3	3	130	191076	126	184419	4.669519e-03	2.334759e-03	1.400856e-02	1.400856e-03	1348.64	674.32	2022.97	269.73
4.4000	4.5000	2	8	4	3	204	298641	198	289797	8.899722e-04	4.449861e-04	2.669917e-03	2.669917e-04	1505.67	752.84	2258.51	301.13
4.4000	4.5000	3	9	1	3	87	127168	83	121549	3.102700e-03	1.551350e-03	9.308099e-03	9.308099e-04	1588.04	794.02	2382.06	317.61
4.4000	4.5000	1	10	2	3	131	192041	130	190443	4.091888e-03	2.045944e-03	1.227566e-02	1.227566e-03	1492.65	746.33	2238.98	298.53
4.5000	4.6000	1	1	1	3	47	68969	46	67851	3.324983e-03	1.662492e-03	9.974949e-03	9.974949e-04	1334.47	667.24	2001.71	266.89
4.5000	4.6000	2	2	2	3	326	477203	317	463344	9.241979e-04	4.620990e-04	2.772594e-03	2.772594e-04	1570.76	785.38	2356.15	314.15
4.5000	4.6000	2	3	3	3	155	227037	149	218187	4.442291e-03	2.221145e-03	1.332687e-02	1.332687e-03	1586.82	793.41	2380.23	317.36
4.5000	4.6000	1	4	4	3	110	160780	107	157012	3.419447e-03	1.709723e-03	1.025834e-02	1.025834e-03	1439.11	719.55	2158.66	287.82
4.5000	4.6000	2	5	1	3	99	145976	99	144842	2.213378e-03	1.106689e-03	6.640135e-03	6.640135e-04	1424.68	712.34	2137.02	284.94
4.5000	4.6000	3	6	2	3	51	75906	50	73281	2.907907e-03	1.453953e-03	8.723720e-03	8.723720e-04	1408.96	704.48	2113.44	281.79
4.5000	4.6000	1	7	3	3	136	199709	135	197766	4.739106e-03	2.369553e-03	1.421732e-02	1.421732e-03	1430.86	715.43	2146.29	286.17
4.5000	4.6000	2	8	4	3	208	304575	205	299389	3.471423e-03	1.735712e-03	1.041427e-02	1.041427e-03	1349.15	674.58	2023.73	269.83
4.5000	4.6000	3	9	1	3	92	135457	88	129769	9.375884e-04	4.687942e-04	2.812765e-03	2.812765e-04	1436.10	718.05	2154.15	287.22
4.5000	4.6000	1	10	2	3	131	192300	125	182844	3.342422e-03	1.671211e-03	1.002726e-02	1.002726e-03	1489.92	744.96	2234.87	297.98
4.6000	4.7000	1	1	1	3	47	69317	45	66320	1.234229e-03	6.171143e-04	3.702686e-03	3.702686e-04	1567.58	783.79	2351.36	313.52
4.6000	4.7000	2	2	2	3	345	504840	335	489515	2.403969e-04	1.201984e-04	7.211907e-04	7.211907e-05	1484.31	742.15	2226.46	296.86
4.6000	4.7000	2	3	3	3	162	236571	158	231179	1.448672e-03	7.243360e-04	4.346016e-03	4.346016e-04	1521.16	760.58	2281.73	304.23
4.6000	4.7000	1	4	4	3	105	153318	101	148918	4.178581e-03	2.089291e-03	1.253574e-02	1.253574e-03	1549.25	774.62	2323.87	309.85
4.6000	4.7000	2	5	1	3	93	136990	91	133223	1.753526e-03	8.767630e-04	5.260578e-03	5.260578e-04	1568.24	784.12	2352.36	313.65
4.6000	4.7000	3	6	2	3	53	77802	51	74539	2.902780e-03	1.451390e-03	8.708339e-03	8.708339e-04	1549.19	774.59	2323.78	309.84
4.6000	4.7000	1	7	3	3	137	200064	132	194146	3.430516e-03	1.715258e-03	1.029155e-02	1.029155e-03	1330.55	665.28	1995.83	266.11
4.6000	4.7000	2	8	4	3	195	286006	188	275421	4.441822e-03	2.220911e-03	1.332547e-02	1.332547e-03	1575.54	787.77	2363.31	315.11
4.6000	4.7000	3	9	1	3	92	134433	91	133263	3.398151e-03	1.699076e-03	1.019445e-02	1.019445e-03	1554.71	777.36	2332.07	310.94
4.6000	4.7000	1	10	2	3	127	186771	123	179959	4.980252e-04	2.490126e-04	1.494076e-03	1.494076e-04	1603.83	801.92	2405.75	320.77
4.7000	4.8000	1	1	1	3	53	78047	52	76561	2.114833e-03	1.057417e-03	6.344500e-03	6.344500e-04	1438.83	719.41	2158.24	287.77
4.7000	4.8000	2	2	2	3	302	440996	297	434140	4.134039e-03	2.067019e-03	1.240212e-02	1.240212e-03	1476.41	738.20	2214.61	295.28
4.7000	4.8000	2	3	3	3	166	243047	159	232144	7.171805e-04	3.585902e-04	2.151541e-03	2.151541e-04	1599.91	799.96	2399.87	319.98
4.7000	4.8000	1	4	4	3	108	158904	106	155750	3.444409e-03	1.722205e-03	1.033323e-02	1.033323e-03	1482.00	741.00	2223.01	296.40
4.7000	4.8000	2	5	1	3	94	138323	91	133020	3.164118e-03	1.582059e-03	9.492353e-03	9.492353e-04	1532.15	766.07	2298.22	306.43
4.7000	4.8000	3	6	2	3	54	79997	52	77362	2.444789e-03	1.222395e-03	7.334367e-03	7.334367e-04	1585.23	792.61	2377.84	317.05
4.7000	4.8000	1	7	3	3	120	175792	114	167247	3.193739e-03	1.596870e-03	9.581217e-03	9.581217e-04	1438.51	719.25	2157.76	287.70
4.7000	4.8000	2	8	4	3	201	294848	192	280848	4.462883e-03	2.231442e-03	1.338865e-02	1.338865e-03	1482.45	741.22	2223.67	296.49
4.7000	4.8000	3	9	1	3	116	169524	112	163937	4.594614e-03	2.297307e-03	1.378384e-02	1.378384e-03	1432.72	716.36	2149.09	286.54
4.7000	4.8000	1	10	2	3	125	182950	124	182037	3.981737e-03	1.990868e-03	1.194521e-02	1.194521e-03	1511.50	755.75	2267.25	302.30
4.8000	4.9000	1	1	1	3	49	72035	47	69218	3.342989e-03	1.671495e-03	1.002897e-02	1.002897e-03	1499.04	749.52	2248.57	299.81
4.8000	4.9000	2	2	2	3	334	487955	326	477136	1.779382e-03	8.896908e-04	5.338145e-03	5.338145e-04	1353.30	676.65	2029.94	270.66
4.8000	4.9000	2	3	3	3	188	275477	186	272444	6.792712e-04	3.396356e-04	2.037814e-03	2.037814e-04	1314.01	657.00	1971.01	262.80
4.8000	4.9000	1	4	4	3	113	165930	112	164695	4.792395e-03	2.396198e-03	1.437719e-02	1.437719e-03	1479.20	739.60	2218.80	295.84
4.8000	4.9000	2	5	1	3	97	142261	94	137912	1.277466e-03	6.387329e-04	3.832397e-03	3.832397e-04	1341.73	670.86	2012.59	268.35
4.8000	4.9000	3	6	2	3	60	87982	58	85922	4.380731e-03	2.190365e-03	1.314219e-02	1.314219e-03	1604.71	802.35	2407.06	320.94
4.8000	4.9000	1	7	3	3	136	198911	134	195653	3.442739e-03	1.721370e-03	1.032822e-02	1.032822e-03	1406.05	703.02	2109.07	281.21
4.8000	4.9000	2	8	4	3	190	278383	187	274215	3.792013e-03	1.896007e-03	1.137604e-02	1.137604e-03	1568.87	784.44	2353.31	313.77
4.8000	4.9000	3	9	1	3	107	157268	103	151642	2.270865e-03	1.135433e-03	6.812595e-03	6.812595e-04	1494.19	747.10	2241.29	298.84
4.8000	4.9000	1	10	2	3	132	193867	129	188811	2.969262e-03	1.484631e-03	8.907787e-03	8.907787e-04	1472.08	736.04	2208.12	294.42
4.9000	5.0000	1	1	1	3	46	68273	46	67658	3.037369e-04	1.518685e-04	9.112107e-04	9.112107e-05	1459.45	729.73	2189.18	291.89
4.9000	5.0000	2	2	2	3	347	507154	344	502334	2.957338e-03	1.478669e-03	8.872014e-03	8.872014e-04	1527.22	763.61	2290.84	305.44
4.9000	5.0000	2	3	3	3	180	263674	176	257826	1.857246e-03	9.286229e-04	5.571737e-03	5.571737e-04	1580.11	790.06	2370.17	316.02
4.9000	5.0000	1	4	4	3	112	164955	109	160453	2.120171e-03	1.060085e-03	6.360512e-03	6.360512e-04	1586.94	793.47	2380.41	317.39
4.9000	5.0000	2	5	1	3	95	139627	91	133078	1.762596e-03	8.812979e-04	5.287787e-03	5.287787e-04	1461.73	730.87	2192.60	292.35
4.9000	5.0000	3	6	2	3	61	89918	59	87223	6.642163e-04	3.321081e-04	1.992649e-03	1.992649e-04	1571.92	785.96	2357.87	314.38
4.9000	5.0000	1	7	3	3	124	182349	119	173791	4.087244e-03	2.043622e-03	1.226173e-02	1.226173e-03	1588.63	794.31	2382.94	317.73
4.9000	5.0000	2	8	4	3	201	293995	197	287846	2.067163e-03	1.033581e-03	6.201488e-03	6.201488e-04	1412.72	706.36	2119.08	282.54
4.9000	5.0000	3	9	1	3	108	158544	103	151081	2.806594e-03	1.403297e-03	8.419782e-03	8.419782e-04	1487.81	743.90	2231.71	297.56
4.9000	5.0000	1	10	2	3	136	199664	130	190472	2.872668e-03	1.436334e-03	8.618003e-03	8.618003e-04	1579.14	789.57	2368.71	315.83